-3 | 0000000
-5 | 00000010
23 | 000000110
-39 | 000000111000
-36 | 000000111001
-17 | 00000011101
26 | 0000001111
-13 | 00000100000
-19 | 00000100001
-14 | 00000100010
-56 | 000001000110
-37 | 000001000111
-30 | 000001001000
-58 | 000001001001
-53 | 000001001010
95 | 0000010010110
223 | 0000010010111000
270 | 0000010010111001
2726 | 0000010010111010
2686 | 0000010010111011
327 | 0000010010111100
334 | 0000010010111101
272 | 0000010010111110
277 | 0000010010111111
-51 | 000001001100
-52 | 000001001101
-61 | 00000100111
47 | 00000101000
32 | 00000101001
30 | 00000101010
25 | 00000101011
-16 | 00000101100
-27 | 000001011010
-43 | 000001011011
-10 | 0000010111
19 | 0000011000
-11 | 0000011001
-63 | 000001101
17 | 0000011100
2575 | 0000011101000000
1118 | 0000011101000001
3175 | 000001110100001
78 | 00000111010001
3190 | 0000011101001000
3189 | 0000011101001001
2735 | 000001110100101
357 | 0000011101001100
325 | 0000011101001101
534 | 000001110100111
344 | 0000011101010000
360 | 0000011101010001
2927 | 0000011101010010
3183 | 0000011101010011
295 | 000001110101010
278 | 000001110101011
2615 | 00000111010110
183 | 00000111010111
589 | 000001110110000
550 | 000001110110001
447 | 00000111011001
535 | 000001110110100
590 | 0000011101101010
525 | 0000011101101011
310 | 0000011101101100
366 | 0000011101101101
423 | 0000011101101110
454 | 0000011101101111
384 | 0000011101110000
390 | 0000011101110001
365 | 0000011101110010
350 | 0000011101110011
262 | 000001110111010
263 | 000001110111011
279 | 0000011101111000
294 | 0000011101111001
247 | 000001110111101
199 | 000001110111110
254 | 0000011101111110
264 | 0000011101111111
-59 | 0000011110000
127 | 0000011110001
-33 | 000001111001
128 | 0000011110100000
142 | 0000011110100001
3198 | 0000011110100010
3223 | 0000011110100011
2159 | 0000011110100100
2167 | 0000011110100101
3295 | 0000011110100110
2687 | 0000011110100111
358 | 000001111010100
417 | 0000011110101010
414 | 0000011110101011
2863 | 0000011110101100
319 | 0000011110101101
359 | 000001111010111
-26 | 000001111011
35 | 000001111100
104 | 000001111101000
118 | 000001111101001
126 | 000001111101010
3182 | 0000011111010110
2710 | 0000011111010111
3238 | 0000011111011000
3343 | 0000011111011001
486 | 0000011111011010
487 | 0000011111011011
44 | 00000111110111
63 | 000001111110
34 | 000001111111
6 | 00001
2 | 000100
-4 | 00010100
39 | 00010101000
2127 | 00010101001000
143 | 00010101001001
213 | 0001010100101000
214 | 0001010100101001
182 | 000101010010101
72 | 000101010010110
101 | 000101010010111
2607 | 000101010011000
336 | 0001010100110010
333 | 0001010100110011
80 | 0001010100110100
157 | 0001010100110101
2839 | 0001010100110110
2855 | 0001010100110111
269 | 0001010100111000
158 | 0001010100111001
2095 | 000101010011101
174 | 0001010100111100
181 | 0001010100111101
2087 | 000101010011111
383 | 0001010101000000
406 | 0001010101000001
479 | 0001010101000010
445 | 0001010101000011
189 | 0001010101000100
207 | 0001010101000101
191 | 0001010101000110
168 | 0001010101000111
136 | 0001010101001000
102 | 0001010101001001
93 | 0001010101001010
120 | 0001010101001011
69 | 000101010100110
3206 | 000101010100111
175 | 0001010101010
45 | 0001010101011
70 | 0001010101100
567 | 000101010110100
1583 | 0001010101101010
518 | 0001010101101011
542 | 0001010101101100
3191 | 0001010101101101
431 | 000101010110111
605 | 000101010111000
598 | 000101010111001
77 | 0001010101110100
303 | 0001010101110101
495 | 0001010101110110
623 | 0001010101110111
2487 | 0001010101111000
2623 | 0001010101111001
2639 | 0001010101111010
2631 | 0001010101111011
575 | 0001010101111100
599 | 0001010101111101
574 | 000101010111111
-6 | 000101011
4 | 0001011
5 | 000110
-24 | 000111000000
-50 | 000111000001
-49 | 00011100001
-57 | 000111000100
-38 | 000111000101
54 | 000111000110
46 | 000111000111
62 | 000111001
-23 | 000111010000
40 | 0001110100010
42 | 0001110100011
-48 | 00011101001
-31 | 000111010100
-34 | 000111010101
-44 | 0001110101100
43 | 0001110101101
-20 | 000111010111
20 | 0001110110
31 | 0001110111
-2 | 0001111
7 | 0010
22 | 0011000000
16 | 0011000001
14 | 001100001
9 | 001100010
-60 | 001100011000
37 | 001100011001
-12 | 00110001101
55 | 001100011100
-21 | 001100011101
38 | 001100011110
36 | 001100011111
-62 | 0011001
13 | 001101000
422 | 00110100100000
167 | 00110100100001
64 | 00110100100010
51 | 00110100100011
151 | 00110100100100
135 | 00110100100101
-45 | 0011010010011
28 | 00110100101
-35 | 001101001100
-32 | 0011010011010
53 | 0011010011011
-28 | 001101001110
-42 | 0011010011110
87 | 0011010011111
8 | 00110101
-9 | 0011011000
-54 | 001101100100
-55 | 0011011001010
-46 | 0011011001011
56 | 0011011001100
52 | 0011011001101
-22 | 001101100111
12 | 001101101
10 | 001101110
11 | 001101111
15 | 001110000
29 | 00111000100
24 | 00111000101
-41 | 001110001100
79 | 0011100011010
71 | 0011100011011
-15 | 00111000111
-8 | 0011100100
-29 | 001110010100
-18 | 001110010101
-47 | 00111001011
21 | 0011100110
18 | 0011100111
27 | 00111010000
2695 | 001110100010000
50 | 001110100010001
215 | 001110100010010
159 | 001110100010011
60 | 0011101000101
-40 | 0011101000110
3215 | 001110100011100
150 | 001110100011101
111 | 00111010001111
-7 | 0011101001
59 | 0011101010000
58 | 0011101010001
49 | 001110101001000
607 | 001110101001001
103 | 00111010100101
271 | 001110101001100
94 | 001110101001101
110 | 001110101001110
112 | 001110101001111
33 | 00111010101
-25 | 001110101100
3181 | 001110101101000
351 | 001110101101001
41 | 00111010110101
48 | 0011101011011
61 | 001110101110
57 | 0011101011110
119 | 0011101011111
3 | 00111011
-1 | 001111
1 | 01
0 | 1
