001100011011 01
01 01
00101 01
1 001111
0001110111 01
001101 01
1 00000
00011110000 01
000111101 01
001111 01
00101 01
1 000011
00100100000 01
00000 01
000110 01
01 01
1 000011
001110100101 01
00011111 01
000011 01
1 001111
00100010010 01
001111 01
1 00000
00110010011 01
001110011 01
1 00000
001110100110 01
001001010 01
001100101 01
00101 01
1 01
01 01
1 001101
0010001010 01
0011101000 01
00101 001101
1 000011
001101 01
0011101000 01
0010011 01
1 001111
00100101110 01
001101 01
01 01
1 001111
0011100100 01
1 00010
0010001011 01
1 00010
001100000 01
1 00010
00001011110 01
00101 01
1 00000
00110001100 01
1 00010
0000100101 01
1 00010
0011101110 01
0011100100 01
00101 01
1 001111
00111011111 01
00000 01
001101 01
0010011 01
1 000011
00001001000 01
00110011 01
01 01
00101 01
1 000011
0011100001 01
00101 001101
1 001111
001001001 01
00110011 01
01 01
1 001111
00101 01
000110 01
01 01
1 001111
00000 01
001110110 01
00101 01
01 01
1 000011
00110010001 01
00110001000 01
01 01
1 001111
0001110101 01
1 00010
0011100000 01
1 00010
0011100000 01
1 00010
0001110101 01
1 00010
0011101010 01
1 00010
001100001010 01
0001110110 01
00010 01
1 001111
000111101 01
1 01
00101 01
1 001111
001110110 001101
1 000010100
00101 01
1 00010
0010000 01
1 00010
00110011 01
1 00010
00011110010 01
00111000111 01
1 01
001001001 01
1 01
001101 01
1 01
00101 01
00010 01
000110 001101
1 001111
01 01
1 00010
00011111 01
000011 01
1 00000
0011000101 01
00101 01
1 001101
00101 01
1 0010011
001100101 01
00010 01
01 01
1 001111
000110 01
1 001101
000110 01
1 000011
001111 01
00000 01
01 01
00101 01
1 000011
001100101 01
000011 01
000110 01
000011 01
1 000011
0011100001 01
0011100010 01
01 001101
1 000011
0011100001 01
000011 001101
1 001111
001101 01
000110 01
1 001110011
01 01
1 001111
0010011 01
1 00010
0010011 01
1 001100000
01 01
1 00010
01 01
1 00010
0000100101 01
000111001 01
000110 01
1 001111
0001110001 01
00001011110 01
00110011 01
00101 01
1 000011
01 01
00101 01
001101 01
00101 01
1 000011
00001000 01
00000 01
1 00000
000111101 01
000110 01
1 00000
000110 01
1 01
00101 01
1 001111
001100101 01
00101 01
0010011 01
00101 01
1 000011
001100100100 01
000011 01
00001000 01
00101 01
1 001000111000000
001100101 01
000011 01
001101 01
00101 01
1 0010010001
000110 01
00101 01
1 000111100111
00110011 01
1 00000
01 01
001101 01
1 001110011
00101 01
01 01
1 000011
00101 01
000110 01
01 01
1 001111
001101 01
01 01
000110 01
01 01
1 00000
00011111 01
1 001111
001101 01
00101 01
000110 01
1 001111
001101 01
000110 01
01 01
1 001111
001110110 01
1 01
001110011 01
1 00000
001110011 01
01 01
1 001111
00101 001101
1 0010010000110
00001000 01
01 01
0010011 01
1 001111
0011000101 01
000110 01
1 00000
01 01
001101 01
1 00000
0010000 01
001101 01
1 00000
00011111 01
1 001110011
00101 01
1 00010
000011 01
000110 01
1 00000
001001010 01
00110011 01
1 00111010111101
01 01
1 000010101100
00101 001101
01 01
1 00100011101
01 01
1 01
01 01
1 001111
00101 01
1 001100000
00110011 01
001101 01
1 00010
000011 01
1 01
00101 01
1 00000
00101 01
1 0010001000011
001101 001101
00101 01
1 00000
0010000 01
00101 01
1 00110001001
000110 01
1 00010
00101 01
1 00010
01 01
00101 01
1 00000
01 01
00101 01
1 01
01 01
1 001000110010001
001100011011 01
001110110 01
0010000 01
001101 01
1 000011
0001110101 01
01 001101
1 001111
0011101001111 01
00101 01
00110011 01
1 01
00101 01
1 0010011
0001110111 01
00101 01
1 00000
001100011010 01
00101 01
01 01
00110011 01
1 000011
001100001010 01
0011000101 01
00010 01
000110 01
01 01
1 0010011
001110111101 01
0011000011 01
0010011 01
00101 01
1 000011
0000101010 01
001001010 01
00011111 01
0010000 01
00101 01
1 0010011
00000 01
0011100001 01
1 01
00101 01
1 000011
0000100101 01
001101 01
1 00000
001100000 01
0010011 01
1 00000
0010010001 01
1 00010
0011000101 01
001101 01
1 00000
0011000011 01
1 00010
00001011110 01
0010000 01
000110 01
1 001111
0010001011 01
001101 01
1 00000
001111 01
0010001011 01
001001001 01
0010011 01
00101 01
1 0010011
001110100110 01
1 01
00000 01
1 001111
00001010111 01
0010000 01
001111 01
00101 01
1 000011
00110010001 01
1 00010
0011000111 01
000111101 01
0010000 01
01 01
1 000011
00101 01
00110011 01
00101 01
1 001111
000011 001101
00110011 01
1 001111
001110100100 01
00100101110 01
1 01
001101 01
1 000011
001110010110 01
1 00010
0011100000 01
1 00010
0011100000 01
1 00010
0001110101 01
1 00010
0011100000 01
00101 01
1 00000
0011101010 01
1 01
01 01
1 001111
00111001010 01
000010011 01
00011111 01
1 001111
0011101000 01
00110011 01
0010011 01
1 001111
00101 001101
1 00000
00101 01
1 001100000
000110 01
1 00010
0010000 01
1 00010
00011110010 01
00111000111 01
1 01
001001001 01
1 01
001101 01
1 01
00101 01
00011111 01
01 01
001111 01
000110 01
1 001111
01 01
1 00000
001101 01
001110110 01
1 01
01 01
1 001111
01 01
1 00000
001111 01
1 01
0010000 01
1 001111
0010011 01
000011 01
001100101 01
1 001111
00001000 01
01 01
001001010 01
000110 01
1 000011
01 01
00110011 01
001001001 01
01 01
00101 01
1 0010011
0011000111 01
00011111 01
0010011 01
1 001111
01 01
1 0001110001
001101 01
1 00010
00101 01
1 001100000
001101 01
1 00010
000011 01
00101 01
1 00000
000110 01
001101 001101
1 001111
0010011 01
00101 01
00000 01
00101 01
1 001111
001101 01
0010011 001101
1 000011
0010011 01
01 01
000110 01
00101 01
1 000011
00101 01
0010011 01
1 00000
000011 01
000111001 01
000011 01
1 001111
00100101100 01
0011000011 01
0010000 01
1 00000
01 01
1 00000
00101 01
1 0001110100
00101 01
01 01
1 00000
00110011 01
00011111 01
01 01
1 001111
01 01
0010011 01
00101 01
1 001111
00101 001101
1 000111100111
001101 01
00101 01
1 0011100100
01 01
00101 01
1 001100000
000110 01
1 00000
001101 01
1 001110011
001001001 01
000110 01
01 01
1 000011
00101 01
00001000 01
01 01
1 001111
00101 01
000011 01
0010011 01
1 0011101001110
01 01
1 00000
00101 01
1 00010
00010 01
00011111 01
01 01
1 001111
0010011 01
1 01
000011 01
1 00000
00110011 01
001101 01
01 01
1 000011
000110 01
00101 01
000110 01
1 001111
01 01
1 00010
01 01
1 00010
001110110 01
00010 01
1 00000
00000 01
00110011 01
00011111 01
1 001000110011010
000110 01
1 01
01 01
1 001111
00101 01
1 01
01 01
1 00000
001101 01
1 000010101100
00101 01
1 00000
01 001101
00101 01
1 00000
00101 001101
1 001110011
00101 01
1 00100101101
001101 01
1 01
00101 01
1 001111
01 01
0010000 01
00101 01
1 001000111100100
01 01
1 001000100011110
001100011010 01
1 01
000111101 01
1 001111
0001110111 01
1 00010
0001110111 01
1 01
01 01
1 001111
00110000100 01
0010000 01
1 00000
001110100101 01
00011111 01
00010 01
000110 01
1 000011
00001011010 01
00011111 01
0011000011 01
1 001111
00111011111 01
001001001 01
001100101 01
001101 01
1 000011
0010000 01
0011100010 01
00101 01
0010000 01
1 000011
001100000 01
1 00010
001100000 01
000011 01
1 00000
0011101110 01
1 00010
0011000101 01
1 00010
0011101110 01
1 00010
000010100 01
00101 01
1 00000
00001011110 01
1 00010
00100101110 01
000110 01
1 00000
0010001011 01
001110011 01
00110011 01
01 01
00101 01
1 0010011
00001011100 01
0010001011 01
001111 01
1 001111
001100100101 01
00110011 01
1 001101
00101 01
1 0010011
00001011100 01
001001010 01
0010011 01
1 001111
0000101010 01
00110011 01
0010011 01
1 001111
000111101 01
001110011 01
00110011 01
01 01
00101 01
1 0010011
00011110000 01
0011000011 01
001101 01
1 001111
001110010110 01
1 00010
0011100000 01
00101 01
1 00000
0011100000 01
1 00010
0011100000 01
1 00010
0001110101 01
1 00010
0011101010 01
00101 01
1 00000
001110100101 01
000111001 01
001111 01
00101 01
1 000011
0010001010 01
1 01
00101 01
1 001111
001001001 01
000111001 01
00101 01
1 00100011101
00101 01
1 00010
000110 01
1 00010
00011110010 01
001110101100 01
1 01
001001001 01
1 01
001101 01
1 01
00101 01
001101 01
1 01
0010000 01
1 001111
00101 001101
1 00000
0010011 01
01 01
1 00000
01 01
1 00010
01 01
1 01
01 01
1 001111
01 01
1 01
000011 01
1 001111
000011 01
01 01
1 01
01 01
1 000011
001001001 01
001110110 01
1 001101
01 01
1 0010011
001111 01
1 00010
000011 01
1 00010
0010011 01
001101 01
1 00000
001101 01
1 00010
00101 01
1 00010
01 001101
1 00000
0010000 01
1 00010
0010000 01
00101 01
1 00000
00110011 01
001101 01
00101 01
1 001111
001110110 01
00011111 01
1 00000
001111 001101
0010000 01
1 001111
001110011 01
1 01
00011111 01
001101 01
1 000011
00101 001101
1 00000
00110001100 01
001001001 01
000110 01
1 001111
0010010001 01
0011101110 01
1 000010100
00101 01
1 001110101100
00011111 01
0010011 01
1 00010
00101 001101
1 001111
0010000 01
1 0011100011010
00101 01
01 01
1 00000
01 01
1 00010
01 01
1 00000
00011111 01
001101 01
1 00000
001110110 01
00101 01
1 00000
00101 01
1 001110011
00101 01
01 01
1 001111
00011111 01
00101 01
001101 01
1 0011101001110
00101 01
1 00000
01 001101
1 00000
00101 01
1 00010
00101 01
1 001110011
01 01
1 00010
001101 01
001111 01
00101 01
1 001111
000011 01
00101 001101
1 0011100100
00110011 01
001101 01
1 001111
00000 01
0010011 01
1 0011100011010
00101 01
1 001100000
01 01
1 00111010111110
000110 01
1 001110111100
01 001101
1 00100011000001
00101 01
1 01
01 01
001101 01
1 000011
00101 001101
1 000010100
000110 01
1 00010
001101 01
1 001000110111011
01 01
1 00010
01 01
1 001100000
00101 01
1 0010001100010
00101 01
1 0001110100
01 01
1 001000110110000
001110100101 01
001110110 01
0011000101 01
1 001111
001110100110 01
000010100 01
1 01
00101 01
1 000011
0001110101 01
1 00010
0001110101 01
1 00010
001110100101 01
000111001 01
1 00000
00100101111 01
001100101 01
001111 01
1 001111
001001010 01
0011100001 01
00101 01
0010000 01
001101 01
01 01
1 001101
0011000101 01
0010000 01
1 00000
001100000 01
01 01
000110 01
1 001111
000011 01
0010011 01
001101 01
1 001111
00010 01
00011111 01
1 00000
00000 01
001111 01
1 00000
001110011 01
0010000 01
1 00000
00100101101 01
00110011 01
00101 01
1 001111
001100001011 01
01 01
1 00000
00011110001 01
1 00010
00110001001 01
000011 01
00101 01
01 01
1 000011
0000101010 01
001100001011 01
01 01
1 001111
00001011011 01
001111 01
01 01
1 001111
001110100101 01
00101 01
000110 01
00101 01
1 000011
0000101100 01
001001001 01
00110011 01
0010000 01
1 000011
00100101111 01
00110001001 01
00101 01
1 001111
0001110101 01
001101 01
01 01
1 001111
0001110101 01
00101 01
1 00000
0011101010 01
1 00010
0011101010 01
1 00010
0011100000 01
1 00010
0001110101 01
00101 01
1 00000
0011101010 01
1 00010
00001001000 01
0011000111 01
00110011 01
1 001111
0000101100 01
000110 01
0010011 01
1 001111
00011111 01
00110011 01
00101 01
1 00110001001
00101 01
1 00010
000110 01
1 00010
000110 01
1 00010
001110100100 01
001110101100 01
1 01
001001001 01
1 01
001101 01
1 01
00101 01
0010011 01
0010000 01
00101 01
01 01
1 000011
001100101 01
00101 01
000011 01
01 01
1 0010010001
01 01
1 00010
001001010 01
001111 01
000011 01
00101 01
1 000011
001001010 01
001110011 01
000110 01
00101 01
1 000011
000111001 01
1 01
000110 01
00101 01
1 000011
00011111 01
00101 01
1 00000
00101 01
0010000 01
1 00000
0010011 01
1 001100000
001101 01
00101 001101
1 001111
00101 01
0010011 01
1 00000
00110011 01
000110 01
1 00000
00101 01
1 00010
00101 01
1 00010
000110 01
1 00010
00110011 01
1 01
01 01
1 0011100100
000011 01
0010011 01
01 01
00101 01
1 000011
0010011 0010011
001101 01
1 000011
01 01
000110 01
1 01
01 01
1 001111
01 01
1 0010010000110
001100101 01
0010000 01
001101 01
1 001111
000110 01
001101 01
1 00010
000110 01
1 000010101101
001101 01
1 00000
01 01
0010000 01
000110 01
1 00110001001
0010011 01
01 01
0010000 01
1 001111
001101 01
00110011 01
0010000 01
1 001111
0010000 01
00101 01
1 01
01 01
1 000011
00101 01
000110 01
1 0001110100
00101 01
1 00000
01 01
1 00010
000110 01
1 00100010001110
001101 01
1 00000
00101 01
1 00000
00101 01
1 01
01 01
1 000111100110
01 01
1 000010100
00101 01
1 001000111110100
01 01
1 0000100101
00101 01
1 00010
000110 01
00101 01
01 01
1 001111
00101 01
01 01
1 00000
00101 01
1 001000110010100
00101 01
1 001000110110111
00011110000 01
00010 01
0010011 01
001101 01
1 000011
001110111101 01
1 01
0001110110 01
00101 01
01 01
1 0010011
0011101010 01
000011 01
1 00000
001110100101 01
0011000111 01
001111 01
1 001111
0011100010 01
001110110 01
01 01
1 001111
01 01
1 01
00101 001101
1 000011
0010000 01
00001000 01
0011000011 01
001101 01
1 000011
0011100100 01
00001000 01
1 01
001101 01
1 000011
0011000101 01
001111 01
1 00000
0010011 01
1 01
01 01
1 001111
0010011 001101
00101 01
1 001111
0010011 01
00110011 01
01 01
1 001111
001100000 01
00110011 01
1 00000
00011110001 01
00101 001101
1 001111
00100101100 01
1 00010
00110001000 01
00101 01
1 00000
00110001000 01
001101 01
00101 01
1 001111
00101 01
001100001011 01
00110011 01
01 01
1 000011
001100011011 01
001110011 01
1 00000
0011100000 01
00110011 01
01 01
1 001111
00001001001 01
00110010000 01
0010000 01
01 01
1 000011
00001001000 01
00110001000 01
1 01
000110 01
1 000011
0001110101 01
1 00010
0011100000 01
1 00010
0011101010 01
1 00010
0011101010 01
1 00010
0001110101 01
1 00010
0011100000 01
1 00010
00110000100 01
000111101 01
00000 01
00101 01
1 000011
0000101010 01
00101 01
00110011 01
1 001111
000111001 01
00001000 01
00101 01
1 001111
00001000 01
1 00010
00001000 01
1 00010
00110011 01
000110 01
1 00000
000110 01
1 00010
0010000 01
1 00010
000110 01
1 00010
001110100100 01
00111010110100 01
1 01
001001001 01
1 01
001101 01
1 01
00101 01
00110011 01
1 01
001101 01
1 001111
000011 01
001101 01
01 01
0010000 01
1 000011
001111 01
000011 01
1 00000
0011101000 01
0011000101 01
01 01
000110 01
1 000011
001100101 01
001110011 01
00110011 01
000110 01
1 000011
00011111 001101
0010000 01
00101 01
1 001111
0010000 01
1 00000
01 01
001101 01
01 01
1 001111
001101 01
01 01
00101 01
1 001111
0010000 01
1 00010
00010 01
000110 01
0010000 01
1 001111
000110 01
1 00010
000110 01
00101 01
1 0000100101
00101 01
1 00010
00101 01
01 01
1 00000
001100101 01
01 01
1 00000
000110 01
1 00010
01 01
1 00010
001111 01
01 01
00011111 01
000110 01
01 01
1 0010011
000110 01
1 000010101101
00110011 01
000011 01
00101 01
1 001111
00101 01
0010000 01
00101 01
1 001111
00110011 01
1 01
01 01
1 0011100100
001101 01
00101 01
1 00000
000011 01
1 00010
001101 01
01 01
1 00110001000
001101 01
1 01
00101 01
1 001111
01 01
0010000 01
01 001101
1 000011
001101 001101
1 00000
01 001101
00011111 01
01 01
1 001111
0010000 01
001110110 01
1 001111
0010000 01
00110011 01
00101 01
1 001111
01 01
000110 01
1 00000
01 01
1 00011110001
00110011 01
01 01
1 00000
01 01
1 000010100
00101 01
1 000010101101
00101 01
01 01
1 01
00101 01
1 001000111100010
00101 001101
1 00000
01 01
1 0010001011
00101 01
01 01
1 001111
00101 01
000110 01
1 00000
000110 01
00101 01
1 001110101100
01 01
1 001000111111000
001100001010 01
01 01
0010000 01
01 01
1 000011
001110111101 01
0011100010 01
000110 01
00010 01
000110 01
1 0010011
00110000100 01
000111001 01
00010 01
01 01
1 000011
0000101010 01
001100101 01
1 01
00101 01
1 000011
001111 01
001110110 01
00101 01
000110 01
1 000011
0011100100 01
001101 01
01 01
1 001111
000110 01
01 01
0011000011 01
01 01
1 000011
0010001011 01
001100101 01
00011111 01
1 001111
000011 01
0010011 01
000011 01
01 01
1 000011
000110 01
001101 01
1 00000
00101 01
0010000 01
1 00000
00010 01
00110011 01
01 01
1 001111
00110001100 01
0010000 01
1 00000
001100001011 01
00101 01
1 00000
00100101100 01
1 01
00101 01
1 001111
0001110100 01
000110 01
1 00000
00001011101 01
1 00010
0010010001 01
00100101101 01
00011111 01
01 01
1 000011
00001011010 01
0011000011 01
0010011 01
01 01
1 000011
001110010110 01
1 01
001101 01
1 001111
001110111101 01
00100010011 01
0010010001 01
00011111 01
1 000011
00110010001 01
0010010000111 01
00101 01
000110 01
00101 01
1 0010011
0001110101 01
1 00010
0011101010 01
00101 01
1 00000
0011101010 01
1 00010
0011100000 01
01 01
1 00000
0001110101 01
1 00010
0011100000 01
01 01
1 00000
00001010111 01
00100010011 01
1 00000
000010011 01
1 01
001101 01
00101 01
1 000011
0010000 01
000110 01
0010000 01
1 001111
00110011 01
01 01
1 00000
00001000 01
1 00010
001001001 01
1 00010
00001000 01
1 00010
001001010 01
1 00010
00001000 01
00101 01
1 00000
001000110100 01
001001000010 01
1 01
001001001 01
1 01
001101 01
1 01
00101 01
00000 01
1 01
00101 01
1 01
00101 01
1 0010011
01 01
000011 01
00011111 01
001101 01
1 000011
000111001 01
0011000101 01
00101 001101
1 000011
00011111 01
01 01
001110110 01
00101 01
1 000011
000110 01
00101 01
000110 01
00101 01
1 000011
00110011 01
1 00010
001101 01
1 01
00101 01
01 01
1 001111
0010000 01
001101 01
1 001111
000011 01
1 00010
0010011 01
001101 01
1 00000
00110011 01
1 000111100111
00101 01
1 00010
00011111 01
01 01
1 00000
0010000 01
00101 001101
1 0011100100
001111 01
000110 01
1 01
01 01
000110 01
1 0010011
000110 01
01 01
1 000010100
00101 01
1 001110101100
00001000 01
1 01
000011 01
1 00000
001101 01
00101 01
1 001111
000110 01
00101 01
1 00000
000110 01
1 00010
000110 01
1 00010
00101 01
1 001100000
001101 01
1 00010
000011 01
1 00010
01 01
001101 01
1 001110011
000110 01
01 01
1 000011
001110110 01
1 01
01 01
00101 01
1 000011
001101 01
1 01
000110 01
01 01
1 001111
00011111 001101
1 001111
000110 01
0010000 01
000110 01
1 000010100
000110 01
1 00010
001101 01
1 00000
00101 01
1 00010
001101 01
1 01
00101 01
1 001000100010100
01 01
1 000011
01 01
1 0010001100010
01 01
1 001100000
01 01
1 00011110001
01 01
1 00000
00101 01
1 01
00101 01
1 00000
00101 01
01 01
1 00000
000110 01
01 01
1 001111
00101 01
1 00111010111011
01 001101
1 001000100011001
00110000100 01
000110 01
001100101 01
0010011 01
1 000011
00110010011 01
000111001 01
0011101110 01
000110 01
1 000011
00100010011 01
00001000 01
01 01
1 001111
00101 01
00110011 01
000110 01
00101 01
1 000011
001101 01
00011111 01
0010011 01
1 001111
00100101110 01
01 01
1 00000
001111 01
0010011 01
0011000101 01
00101 01
1 000011
0010011 01
001110011 01
1 00000
0010000 01
00101 01
1 00010
00101 01
1 00000
00000 01
00101 001101
1 001111
0011101110 01
1 00010
0010001011 01
00110011 01
1 00000
00011110001 01
1 00010
001100001011 01
00101 01
1 00000
00100011101 01
00101 01
1 00000
001110111100 01
00101 01
1 00000
0000100101 01
0010010001 01
00011111 01
01 01
1 000011
00001011100 01
00110001100 01
00010 01
01 01
1 000011
0011100000 01
000011 01
001101 01
1 001111
00001011011 01
001001001 01
01 01
00101 01
01 01
00101 01
1 001101
0000101100 01
0001110001 01
0011101000 01
0010000 01
1 000011
0011100000 01
1 00010
0011101010 01
1 00010
0011101010 01
1 00010
0011100000 01
1 00010
0011100000 01
00101 01
1 00000
0011101010 01
000110 01
0010011 01
00101 01
1 000011
0010001010 01
001100101 01
001110110 01
1 001111
000111001 01
00001000 01
001101 01
1 001111
00101 01
01 01
00101 01
1 001111
0010000 01
1 00010
0010000 01
00101 01
1 00000
000110 01
1 00010
00110011 01
01 01
1 00000
001001001 01
01 01
1 00000
000111101 01
1 00010
00100100000 01
00001011101 01
1 01
001100101 01
1 01
001101 01
1 01
00101 01
1 01
00101 01
1 01
001101 01
1 000011
00101 01
01 01
1 00000
000110 01
0010011 01
001100101 01
01 01
1 000011
001110110 01
00110011 01
000110 01
1 001111
01 01
00101 001101
1 001111
00101 01
1 00010
00001000 01
01 01
000011 01
00101 01
1 000011
0011101110 01
1 01
0010000 01
1 001111
00101 01
001101 01
1 00000
000110 01
1 00010
000110 01
1 001110011
00101 01
1 00000
001101 01
1 00010
01 01
1 00010
01 01
1 00010
01 01
1 001100000
000110 01
001101 01
1 00000
0010000 01
000110 01
1 000010100
001101 01
000110 01
1 001101
01 01
1 0010011
0010000 01
0010011 01
001101 01
1 00111010111101
00101 01
0010011 01
00101 01
1 001111
0010000 01
00011111 01
1 00000
00101 01
01 01
001101 01
1 00100011101
000110 01
1 00010
000110 01
1 00010
00101 01
1 0001110001
000110 01
001101 01
01 01
00101 01
1 000011
000011 01
00011111 01
001101 01
1 001111
01 01
00011111 01
01 01
0010011 01
1 001111
0010000 01
00101 01
1 001111
01 01
1 001100000
00101 01
1 00010
00101 01
1 00100011100101
00101 001101
1 00100011000000
00101 01
1 001100000
000110 01
00101 01
01 01
1 001111
00101 01
1 01
01 001101
1 00110001001
00101 01
1 00000
01 01
1 001000100000101
00110010011 01
0010011 01
001101 01
1 001111
00100101111 01
000111101 01
00110011 01
00101 01
1 000011
00101 01
000111001 01
00011111 01
1 001111
0011000011 01
1 01
001100101 01
01 01
1 000011
01 01
00001000 01
001111 01
1 001111
00100101110 01
001101 01
00110011 01
1 001111
00001000 01
0011100100 01
01 001101
1 000011
00001001001 01
00101 01
01 01
1 001111
00111001010 01
1 00010
0011100010 01
00001000 01
1 00000
001101 01
001100101 01
1 00000
001110011 01
1 00010
0011101110 01
00101 01
1 00000
00110001100 01
0010000 01
000110 01
1 001111
00110001100 01
1 01
001101 01
1 001111
0001110001 01
00101 01
1 00000
00011110001 01
1 01
000110 01
1 001111
000011 01
0011100100 01
00101 01
1 001111
00100100000 01
0010001011 01
0010011 01
1 001111
0001110101 01
001101 01
1 00000
0011101010 01
00011111 01
1 01
01 01
1 000011
000010011 01
000011 01
00110010001 01
00110011 01
00101 01
1 0010011
0001110111 01
001101 001101
1 001111
0011100000 01
1 00010
0011101010 01
01 01
1 00000
0001110101 01
1 00010
0011100000 01
1 00010
001110100110 01
0000101010 01
001111 01
1 001111
0000101010 01
01 01
1 01
00101 01
1 000011
001100101 001101
000110 01
1 001111
00110011 01
1 00010
00110011 01
1 00010
00011111 01
1 00010
0010000 01
00101 01
1 00000
0010000 01
1 00010
001110110 01
1 00010
00001000 01
1 00010
00001010111 01
000111000011 01
1 01
00001000 01
1 01
001101 01
1 01
00101 01
001101 01
01 01
0010000 01
1 01
00101 01
1 0010011
001001001 01
001001010 01
0010000 01
001111 01
1 000011
001001001 01
00001000 01
0010000 01
01 01
1 000011
00110011 001101
001101 01
1 001111
000110 01
0010011 01
01 01
1 001111
01 01
0010000 01
001101 01
1 001111
001100000 01
001111 01
0010000 01
1 001111
00011111 01
0010000 01
001101 01
1 001111
001100000 01
001110110 01
1 00000
0000100101 01
01 01
1 00000
0011101110 01
001111 01
1 000010100
001101 01
1 00010
01 01
1 00010
001101 01
1 00010
0010011 01
1 00010
00010 01
0010000 01
01 01
1 001111
00110001001 01
00101 001101
1 001111
0011101110 01
00000 01
01 01
1 0011100100
01 01
1 001110011
001110011 01
1 01
01 01
1 00000
00101 01
1 001001000010
00110011 01
001101 01
01 01
1 00000
00101 001101
1 001111
000110 01
00101 01
1 00000
01 01
1 00010
01 01
1 00010
01 01
1 00010
01 01
1 00010
01 001101
1 000010100
00101 01
1 0010001011
000110 01
1 01
00101 01
1 000011
01 01
000110 01
00010 01
01 01
1 001111
00101 01
001101 001101
1 000011
00101 01
01 01
1 00000
01 01
1 00010
000110 01
0010011 01
00101 01
1 001111
001111 01
000111101 01
00101 01
1 001111
0011000101 01
001101 01
1 00000
000011 01
001101 01
1 00000
0010000 01
001101 01
1 00000
00110011 01
000110 01
1 0011101001110
000110 01
01 01
1 00000
00110011 01
00101 01
1 00110001000
00101 01
1 001000111100001
00101 01
1 00010
00101 01
01 01
1 01
00101 01
1 001111
01 001101
1 0000100101
00101 01
1 00000
00101 001101
001101 01
1 001111
01 01
001101 01
1 00000
00101 01
1 00010
01 01
1 00010
01 01
1 000111100111
001101 01
1 00010
001101 01
1 00111010110110
01 01
1 001000111111011
00100010010 01
0000101100 01
1 00000
0010000 01
000111101 01
00101 01
1 001111
0011100100 01
001001001 01
1 00000
0011000011 01
000010100 01
01 01
1 001111
0011101110 01
01 01
00001000 01
1 001111
0000101100 01
0010010001 01
0010011 01
1 001111
00111001010 01
0010000 01
1 00000
00111001010 01
00110011 01
0011000101 01
1 001111
00001011111 01
0011101110 01
000011 01
01 01
1 000011
001110111101 01
01 01
00101 01
1 001111
001100100101 01
001110110 01
0010011 01
1 001111
00001000 001101
0010000 01
1 001111
001101 01
0010000 01
01 01
1 001111
0010001011 01
00110011 01
00101 01
1 001111
0010001011 01
01 001101
1 001111
000011 01
0011000101 01
00101 01
01 01
1 000011
00111001010 01
0011000101 01
1 00000
00001011010 01
1 01
001101 01
01 01
1 000011
0011101011100 01
000011 01
1 00000
00011100000 01
001111 01
1 00000
0001110101 01
0010000 01
01 01
1 001111
0000101010 01
00001000 01
00001011111 01
00011111 01
1 000011
00001011011 01
0011101110 01
001111 01
01 01
1 000011
0001110111 01
1 00010
0011101010 01
01 01
1 00000
0011100000 01
1 00010
0011101010 01
1 00010
001110010111 01
0001110110 01
00110011 01
1 001111
0011000111 01
00110011 01
000011 01
1 001111
00110011 01
00101 001101
1 001111
00011111 01
01 01
1 00000
001110110 01
1 00010
001110110 01
1 00010
001110110 01
1 00010
00011111 01
1 00010
001100101 01
01 01
1 00000
001100101 01
1 00010
001000110100 01
0011100011011 01
1 01
00001000 01
1 01
001101 01
1 01
00101 01
00001000 01
00101 01
0011000101 01
00101 01
1 000011
001110110 01
00110011 01
001110011 01
0010011 01
1 000011
001110110 01
01 01
1 00000
01 01
001101 01
000110 01
1 001111
001111 01
000010011 01
0010011 01
1 001111
00100101101 01
0011000011 01
1 00000
000010100 01
0010000 01
1 00000
00100101110 01
1 01
000110 01
001101 01
1 000011
0011101110 01
001101 01
00101 01
1 001111
001110110 01
01 01
001101 01
01 01
1 000011
00101 01
001110110 01
01 01
1 001111
0011101110 01
001101 01
00101 01
1 001111
000011 01
1 001110011
01 01
1 000010100
0011000101 01
001110110 01
1 00000
0011000011 01
000011 01
1 00000
01 01
1 00010
001101 01
1 0001110001
01 01
1 001101
00101 001101
1 0010011
000110 001101
1 00111000111
00011111 01
000110 01
001101 01
01 01
1 000011
00101 01
001101 01
1 00010
00101 01
1 00111000111
01 01
1 001110111100
000011 01
1 01
000110 01
1 001111
000011 01
001111 01
00101 01
1 001111
01 01
1 00010
000110 01
00101 01
1 001111
001110110 01
001111 01
1 01
00101 01
1 000011
001101 01
01 01
0010000 01
1 001111
0010000 01
1 00010
000110 01
01 01
0010000 01
1 001111
001100101 01
1 00010
00101 01
000110 01
1 00000
001111 01
000110 01
1 00000
01 01
001101 01
01 01
1 0001110100
01 01
1 001111
00000 01
01 01
000110 01
1 001111
00011111 01
0010011 01
1 00000
001110110 01
0010000 01
1 00100011100110
00101 01
1 01
00101 01
1 001111
00101 01
1 001101
00101 01
1 00100101101
01 01
1 01
00101 01
1 00000
00101 001101
1 001111
01 01
1 0001110100
01 01
1 000111100111
000011 01
000110 01
1 00000
001101 01
01 01
1 00000
00101 01
1 001000110110101
00101 01
1 001100000
01 01
1 000010101101
01 01
1 001000100011111
000111101 01
000010011 01
0010011 01
1 001111
00010 01
000110 01
01 01
1 001111
00110001001 01
00101 01
00011111 01
1 001111
00000 01
000010100 01
00110011 01
1 001111
00100010010 01
000010100 01
00000 01
1 001111
00110010011 01
01 01
1 00000
0001110111 01
01 01
1 00000
00110000100 01
001110110 01
000011 01
000110 01
1 000011
00100100000 01
0011100100 01
00101 01
1 001111
001100011011 01
00001000 01
0010011 01
1 001111
00110010001 01
000110 01
0010000 01
1 001111
0001110110 01
001110110 01
1 00000
00011111 001101
1 00000
00100101110 01
001001001 01
000110 01
1 001111
0011100100 01
00100101110 01
001100101 01
1 001111
00100100000 01
000010100 01
0010011 01
1 001111
00110000100 01
0010000 01
01 01
00101 01
01 01
1 0010011
00001011011 01
00000 01
001101 01
1 001111
0011101010 01
00101 01
1 00000
0011101010 01
0010011 01
1 00000
0001110101 01
00110011 01
001101 01
1 001111
0001110110 01
0011100010 01
00001011111 01
01 01
1 000011
001100011011 01
0011000101 01
001101 01
1 001111
0001110111 01
1 00010
0001110101 01
1 00010
0011100000 01
1 00010
0011101010 01
0010000 01
0010011 01
00101 01
1 000011
0000101100 01
00011111 01
001110110 01
000110 01
1 000011
000111001 01
001100101 01
1 00000
00011111 01
1 00010
001100101 01
1 00010
00001000 01
1 00010
00001000 01
1 00010
001100101 01
1 00010
001100101 01
1 00010
00001000 01
1 00010
00001000 01
1 00010
00001010111 01
0011100011011 01
1 01
00001000 01
1 01
001101 01
1 01
00101 01
001100101 01
001111 01
01 01
001110110 01
1 001111
001101 01
01 001101
1 001111
000110 01
1 00000
0011101110 01
0011101000 01
001111 01
1 001111
000010100 01
0011000011 01
000011 01
1 001111
0010011 01
01 01
1 00000
01 01
1 00010
001100101 01
00010 01
000110 01
01 01
1 000011
00111011111 01
000111101 01
01 01
1 001111
0011101110 01
00011111 01
1 00000
0010011 01
000011 01
0010011 01
01 01
1 000011
01 01
1 00010
01 01
1 00010
000110 01
001101 01
1 00000
001110011 01
000111101 01
001101 01
1 001111
00110001001 01
00010 01
1 00000
000110 01
00010 01
1 01
01 01
00101 01
1 0010011
001110110 001101
00101 01
1 001111
01 01
1 00010
01 001101
1 001100000
001101 01
00101 001101
1 000011
01 01
0010011 01
01 01
1 00100011101
000110 01
001101 01
00101 01
1 001111
000110 01
0010000 01
00101 01
1 001111
0010000 01
1 01
01 01
1 00111010111110
0010000 01
1 01
001100101 01
00101 01
1 001111
01 01
1 000010100
00110011 01
001111 01
01 01
00101 01
1 000011
001111 01
000011 01
1 01
00101 01
1 000011
01 01
1 00010
01 01
1 00010
000011 01
0010000 01
01 01
00101 01
1 000011
0011000011 01
001101 01
00101 01
1 001111
001101 01
01 01
00101 01
1 001111
000110 01
00101 01
1 00110001000
0010000 01
001101 01
1 00000
000011 01
000110 01
00101 01
1 001111
001111 01
00101 01
1 00000
0010011 001101
1 001000100011010
000110 01
1 001101
01 01
1 0000100101
000110 01
1 001111
01 01
1 01
00101 01
1 00110001001
000110 01
1 00010
0010000 01
01 001101
1 00000
01 01
1 001110101100
00101 01
1 00010
00101 01
1 00010
01 01
1 00000
00101 001101
1 00111010110110
00101 01
1 000111100110
01 01
1 001000111110101
00110011 01
00011111 01
000110 01
1 000011
00001011110 01
001100101 01
00101 01
1 001111
001100000 01
0011100100 01
00110011 01
1 001111
00001001001 01
0011000011 01
00000 01
01 01
1 000011
001100001010 01
00000 01
00101 01
1 001111
001100011010 01
001001010 01
000011 01
1 001111
001100011010 01
001111 01
1 00000
00001001000 01
00110010001 01
0011101110 01
00011111 01
01 01
1 0010011
001100001011 01
00000 01
0010000 01
01 01
00101 01
1 0010011
00100101111 01
0011100100 01
000010100 01
01 01
1 000011
00011110010 01
0010000 01
1 00000
00110010001 01
001110110 01
1 00000
001100101 01
000111101 01
01 01
1 001111
00100101100 01
001001010 01
00011111 01
1 001111
0001110110 01
00110001000 01
001100000 01
01 01
1 000011
001110100101 01
001101 001101
01 01
1 000011
00100100000 01
0001110110 01
0011000101 01
00110011 01
001101 01
00101 01
1 001101
00100101111 01
0010010000111 01
001101 01
1 001111
0011100000 01
1 00010
0011100000 01
1 00010
0011101010 01
00110011 01
1 01
01 01
1 000011
0000101100 01
00111001010 01
0010001010 01
001101 01
1 01
01 01
1 001101
001100011010 01
001111 01
1 01
01 001101
1 0010011
0001110111 01
0010011 01
01 01
1 001111
0001110101 01
1 00010
0011100000 01
1 00010
001100001010 01
0000101010 01
00010 01
1 001111
000010011 01
01 01
1 00000
001100101 01
000110 001101
1 001111
00011111 01
1 00010
00001000 01
1 00010
00001000 01
1 00010
001001001 01
1 00010
001100101 01
1 00010
00001000 01
1 00010
00001000 01
1 00010
001001001 01
1 00010
001100100101 01
001110001100 01
1 01
00001000 01
1 01
001101 01
1 01
00101 01
1 01
000110 01
001110110 01
000110 01
1 000011
00011111 01
1 01
01 01
1 001111
0011000011 01
001001010 01
0010011 01
1 001111
0010011 01
001100000 01
0010011 01
1 001111
001001010 01
00101 01
01 01
1 001111
0010000 01
01 01
1 00000
001110110 01
0010000 001101
1 001111
0011101000 01
0011000101 01
00101 01
0010000 01
01 01
1 0010011
0010000 01
001101 01
1 00000
001001010 01
001110110 01
01 01
001101 01
1 000011
00101 01
0010000 001101
1 001111
01 01
00101 01
1 00010
01 01
1 00000
0010000 001101
1 00000
000011 01
0011100100 01
00110011 01
000110 01
1 000011
001001001 01
000110 01
0010000 01
00101 01
1 000011
000110 01
1 01
00110011 01
1 01
01 01
1 0010011
000110 01
1 0001110001
00101 01
1 001110011
001101 01
00101 01
1 00010
00101 01
000110 01
1 00100101100
001110110 01
001101 01
01 01
00101 01
1 00000
00101 01
1 00000
00101 01
1 000111100110
01 01
1 0010001011
001110110 01
00101 01
1 01
01 01
1 0010011
01 01
001101 01
1 00000
00110011 01
0010011 01
1 01
00101 01
1 000011
0010011 001101
1 00000
0010011 01
1 01
00101 01
1 001111
000110 01
001101 01
1 00000
00101 01
0010011 01
1 01
00101 01
1 000011
001111 01
00110011 001101
01 01
1 000011
00110011 01
001101 01
00101 01
1 001111
000110 01
0010000 01
00110011 01
1 001111
001101 01
1 001101
00101 01
1 000011
01 01
1 0001110001
0010011 01
00101 01
000110 01
1 001111
01 01
001101 001101
1 001111
001111 01
00110011 01
000110 01
001101 01
1 000011
00101 01
1 00100011010111
01 01
1 00100011011111
000110 01
1 01
01 01
1 001100000
00101 01
1 001111
01 01
1 01
00101 01
1 0011100100
00101 01
1 0011101110
001101 01
1 00000
00101 01
001101 01
1 001111
00101 01
01 01
1 00000
000110 01
01 01
1 00111000111
01 01
1 001110011
00101 01
1 00010
01 01
1 001000111100101
001101 01
1 001000110110110
0011000011 01
001001010 01
1 00000
000010100 01
0010001011 01
001110110 01
1 001111
00110010000 01
0010011 01
001111 01
1 001111
0010001010 01
000110 01
1 00000
0011100001 01
001101 01
1 00000
00111001010 01
001101 001101
01 01
1 000011
00110010000 01
00101 001101
01 01
1 000011
001100101 01
001001001 01
00110011 01
1 001111
0010011 01
00101 01
1 01
001101 01
1 000011
001001001 01
0011101110 01
0010000 01
01 01
1 000011
00110010001 01
01 01
1 00000
00111011111 01
000110 01
1 00000
001100101 01
0011100001 01
01 01
1 001111
001110001100 01
00110011 01
000111101 01
1 001111
000111001 01
0010010001 01
00000 01
001101 01
1 000011
0010001010 01
001111 01
00110011 01
1 001111
0000101010 01
0010000 01
00011111 01
01 01
00101 01
1 0010011
00001011010 01
0010010001 01
001101 01
1 001111
00110010011 01
01 01
00101 01
1 001111
0011100000 01
001101 01
1 00000
0001110111 01
0010000 01
00101 01
001101 01
1 000011
00100010011 01
001000110100 01
001001010 01
000011 01
1 01
01 01
1 001101
00001011010 01
0011000101 01
0011000011 01
001101 01
01 01
1 0010011
0001110111 01
001101 01
1 00000
0001110101 01
1 00010
0011101010 01
01 01
1 00000
001110010111 01
0000101100 01
00110011 01
1 001111
000010011 01
00011111 01
001101 01
1 001111
00011111 01
1 00010
001110110 01
1 00010
00001000 01
01 01
1 00000
001001001 01
1 00010
00001000 01
1 00010
00001000 01
1 00010
001001001 01
1 00010
001001001 01
1 00010
0011101000 01
1 00010
00100010010 01
001110111100 01
1 01
001100101 01
1 01
001101 01
1 01
00101 01
001110110 01
1 00010
001100000 01
000010011 01
01 01
1 001111
00010 01
0011000011 01
000011 01
1 001111
00110011 01
1 00010
0010000 01
01 01
00101 01
1 001111
000111001 01
1 01
01 01
1 001111
001111 01
000110 01
1 01
00101 01
1 000011
00110001100 01
00001000 01
1 00000
00110001001 01
001110011 01
0010000 01
00101 01
1 000011
001100101 01
001101 01
1 00000
00101 01
1 01
00101 001101
1 000011
00101 01
1 00010
01 01
1 001110011
01 01
1 00000
0011100001 01
01 01
0010011 01
1 001111
000110 01
1 001101
00101 01
1 000011
0011100100 01
001001010 01
1 00000
0011000101 01
001110011 01
01 01
1 001111
0010000 01
00101 01
1 001100000
00101 01
1 00010
01 01
000110 01
1 001111
0010000 01
000110 001101
01 01
1 00100101100
001110110 01
0010000 01
01 001101
1 001111
001101 01
1 000111100110
01 01
1 00010
01 01
1 001100000
00101 01
1 00010
00011111 01
001101 01
01 01
00101 01
1 000011
001111 01
000011 01
1 01
00101 01
1 0010010001
00101 01
1 001110011
000110 01
1 00010
001101 01
00101 01
1 00000
00101 001101
1 001111
00101 01
01 01
00101 01
1 001111
00110011 01
00101 01
1 00111000111
000110 01
1 01
01 01
1 001111
00011111 01
00000 01
01 01
1 001111
001100101 01
00011111 01
01 01
1 001111
01 01
1 001000111101011
00101 01
1 001111
01 01
1 001100000
00101 01
1 001110011
00101 01
01 01
1 001111
0010000 01
001101 01
1 00000
0010000 01
00101 01
1 00010
00101 01
1 00000
0010011 01
1 001110101100
000011 01
00101 01
1 00010
0010011 01
1 00000
000110 01
00101 01
1 00111010110110
00101 01
1 00000
001101 01
1 000111100111
01 01
1 001000110110001
00101 01
1 001000110110011
000010100 01
0011000011 01
000111101 01
01 01
1 000011
00011110010 01
001111 01
001110011 01
1 001111
00111011111 01
001110110 01
00101 01
1 001111
001001010 01
000110 01
00101 01
1 001111
00011111 01
00101 01
1 00000
001110110 01
1 00010
000111101 01
01 01
00101 01
1 001111
00001000 01
000110 01
00101 01
1 001111
0010000 01
1 00010
00011111 01
0010011 01
000110 01
1 001111
0000101100 01
1 01
001101 01
01 01
1 000011
0010001010 01
01 01
1 00000
000111101 01
0011100001 01
0010011 01
1 001111
00001011101 01
000111001 01
001001001 01
1 001111
0011101110 01
0011100100 01
001101 001101
1 000011
0011100001 01
00000 01
1 00000
00111001010 01
000011 01
1 01
001101 01
1 000011
00100010010 01
01 001101
1 001111
0011101001111 01
001111 01
1 00000
0011101010 01
01 01
001101 01
1 001111
0001110111 01
00101 01
000110 01
1 001111
00110010000 01
00100100000 01
000110 01
01 001101
1 0010011
00001010111 01
00100101101 01
0011000101 01
000110 01
1 000011
0011101010 01
01 001101
1 001111
0011100000 01
00101 01
1 00000
0001110111 01
0010000 01
001111 01
00101 01
1 000011
0010001010 01
0010000 01
00110011 01
00101 01
1 000011
001001010 01
001100101 01
000110 01
1 001111
001110110 01
1 00010
001100101 01
1 00010
00001000 01
1 00010
00001000 01
1 00010
00001000 01
1 00010
001001001 01
1 00010
001001010 01
1 00010
000111001 01
1 00010
000010011 01
01 01
1 00000
00001011010 01
00100011101 01
1 01
001100101 01
1 01
01 01
1 01
00101 01
0011101110 01
0001110110 01
000011 01
1 001111
001110011 01
001100000 01
000011 01
1 001111
00101 01
1 00010
000110 01
01 01
1 00000
00110011 01
001101 01
1 00000
001110110 01
1 00010
001001001 01
1 00010
000111101 01
1 00010
00001000 01
000110 01
1 00000
0010000 01
000110 01
01 01
1 001111
000110 01
01 001101
1 0000100101
001101 01
1 00000
001100101 01
01 01
1 00000
00001000 01
1 00010
00110011 01
1 01
00101 01
1 001111
001110110 01
00101 01
1 00000
00101 01
1 0001110100
000110 01
00101 01
1 0000100101
00101 01
001101 01
00101 01
1 001111
000110 001101
00101 01
1 001111
00101 001101
01 01
1 0010001000011
01 01
1 00010
01 01
1 001100000
00011111 01
0010011 01
01 01
000110 01
1 000011
001111 001101
1 000010100
00101 01
1 001100000
01 01
00101 01
1 00010
01 01
1 000010100
00101 01
1 00010
00101 01
01 01
1 00111000111
00101 01
1 00010
00101 01
1 001000111000001
01 01
1 001000111101101
00101 01
01 01
1 000011
01 01
1 001110101100
00101 01
1 000111000010
00101 01
1 001000111111110
00001010111 01
00110001100 01
0011000011 01
1 001111
00011110010 01
00001000 01
00101 01
1 001111
0010001010 01
00110011 01
1 00000
001001010 01
00110011 01
1 00010
00110011 01
1 00000
001111 01
000110 01
01 01
1 001111
001111 01
1 00010
001111 01
1 00010
001111 01
1 01
00101 01
1 001111
00011111 01
00000 01
1 01
01 01
1 000011
0011100001 01
1 01
00101 01
1 001111
0000101100 01
01 01
1 01
01 01
1 000011
000010011 01
001001001 01
0010011 01
1 001111
001110111100 01
0011000111 01
001110110 01
1 001111
0010001011 01
000010100 01
000011 01
01 01
1 000011
00011111 01
00010 01
1 00000
0000101100 01
000011 01
1 00000
00100101111 01
0010011 01
1 00000
001110100110 01
001110011 01
1 01
01 01
1 000011
0011101010 01
1 01
01 01
1 001111
00110010011 01
1 01
000110 01
1 001111
00001001001 01
00001010111 01
1 01
001101 01
01 01
1 0010011
001110010111 01
00110001000 01
000011 01
0010000 01
1 000011
0011100000 01
1 01
01 001101
1 000011
0011100000 01
00101 001101
1 001111
001100011010 01
0011000111 01
00010 01
1 001111
0001110110 01
1 01
01 01
00101 01
1 000011
00011111 01
00101 01
000110 01
1 001111
001110110 01
1 00010
00001000 01
1 00010
001001001 01
1 00010
00001000 01
1 00010
001001010 01
1 00010
000111101 01
1 00010
000111001 01
1 00010
000010011 01
01 01
1 00000
0011100010 01
000110 01
01 01
1 001111
00001011100 01
00111010110100 01
0010000 01
000111001 01
1 01
001101 01
1 01
00101 01
00001011110 001101
0010011 01
1 001111
00101 01
1 0001110100
00101 01
1 00010
000110 01
1 00010
000110 01
00101 01
1 00000
000110 01
00101 01
1 000010100
000110 01
1 00010
00101 01
1 001110011
00101 01
1 00000
01 001101
1 00010
000110 01
1 0000100101
00101 01
1 0001110001
00101 01
1 01
01 01
1 001111
01 01
1 00010
00101 01
1 01
0010011 01
1 00110001001
00110011 01
0010011 01
01 01
00101 01
1 000011
00101 01
1 01
00101 01
1 00000
00101 01
1 00111000111
01 01
1 0001110100
000110 01
000011 01
00101 01
1 001111
001110110 001101
1 01
01 01
1 000011
000011 01
01 01
0010000 01
000110 01
1 00111010111101
01 01
1 00010
00101 01
1 000010101100
00101 01
1 0011100011010
00101 01
1 001000100001001
01 01
1 01
00101 01
1 001000100000111
00110000100 01
001100101 01
01 01
1 001111
00001001000 01
001110110 01
00101 01
1 001111
0010001010 01
0010000 01
1 00000
000111001 01
0010000 01
1 00000
00110011 01
0010000 01
1 00000
000011 01
0010000 01
1 00000
001110011 01
1 00010
00010 01
001101 01
1 00000
000011 01
0010011 01
1 00000
001110110 01
001111 01
1 00000
000111001 01
1 00010
0001110110 01
000011 01
1 00000
0011100010 01
001100101 01
001101 01
1 001111
0010010000111 01
00111011111 01
00011111 01
1 001111
00110001100 01
0001110001 01
0010011 01
1 001111
00011111 01
0010011 01
1 00000
0011000111 01
001111 01
1 00000
00001011111 01
001101 01
1 00000
001110100110 01
0011101110 01
1 00000
0011101010 01
1 01
01 01
1 001111
00011100000 01
1 01
00110011 01
1 001111
001110100100 01
001000110100 01
00010 01
000011 01
00101 01
1 0010011
00110010001 01
00110001001 01
0011100001 01
1 01
001101 01
1 0010011
0001110101 01
1 01
001101 01
1 001111
0011101010 01
1 00010
001110100100 01
00100010011 01
00110011 01
1 001111
0011100001 01
00011111 01
0010011 01
1 001111
00011111 01
1 00010
001110110 01
1 01
00101 01
1 001111
001001001 01
1 00010
001001001 01
1 00010
001001010 01
1 00010
000111101 01
1 00010
000111101 01
1 00010
0011101000 01
01 01
1 00000
0011000111 01
1 00010
001101 01
0011101000 01
00101 01
1 001111
00111011111 01
0010001101010 01
1 01
0011101000 01
1 01
0010011 01
1 01
000110 01
1 001110011
00101 01
1 0011101110
01 01
1 001111
001101 01
1 00010
001101 01
1 00010
001101 01
01 01
1 001100000
00101 01
1 00000
001101 01
1 00010
001101 01
1 00010
01 01
1 00010
01 01
1 0011101110
01 01
1 001111
0010011 01
01 01
00101 01
1 00000
00101 01
1 000010100
00101 01
1 00111010110111
00101 01
1 001111
000110 01
001101 01
01 01
0010000 01
1 00100101101
0010000 01
00101 01
001101 01
01 01
1 000011
00101 01
01 01
1 00111000111
01 01
1 0001110001
01 01
1 001110011
01 01
1 00000
00001000 01
000110 01
01 01
1 0010001101010
00101 01
1 00010
00101 01
1 0010001011
01 01
1 0010001100001
01 001101
1 001000100010101
01 01
1 001110011
01 001101
1 001000100000110
00011110000 01
00110011 01
01 01
1 001111
00001011100 01
00001000 01
1 00000
00100010011 01
000110 01
1 00000
000010011 01
0010000 01
1 00000
001100101 01
000110 01
1 00000
000110 01
0010000 01
1 00000
0010011 01
00101 01
000110 01
1 001111
000011 01
1 001110011
001101 01
1 00000
001001010 01
00000 01
00101 01
1 001111
0000101010 01
1 01
01 01
1 001111
00110010000 01
0010011 01
1 00000
0001110110 01
00011111 01
01 01
1 001111
0010001011 01
00111001010 01
1 00000
0000100101 01
00100101100 01
00110011 01
000110 01
01 01
1 0010011
001100101 01
000011 01
1 00000
0000101010 01
000011 01
1 00000
00001011111 01
000011 01
00101 01
1 001111
001100011011 01
0011101110 01
001101 01
1 001111
0011100000 01
000110 01
1 00000
00110010011 01
01 01
001110110 01
1 001111
00100100000 01
001110010111 01
0011100100 01
1 01
00101 01
1 0010011
0001110110 01
0010010001 01
001110110 01
00000 01
1 000011
0001110101 01
1 01
000011 01
1 001111
0011101010 01
1 01
0010011 01
1 001111
00100010011 01
00001000 01
001110110 01
00101 01
1 000011
001001010 01
001100101 01
000110 01
1 001111
00011111 01
01 01
1 00000
001100101 01
01 01
1 00000
00001000 01
1 00010
001001010 01
1 00010
000111101 01
1 00010
000111001 01
1 00010
000111001 01
1 00010
000010011 01
01 01
1 00000
001100101 01
000111101 01
0010011 01
1 001111
0010001011 01
000110 001101
1 001111
00111011111 01
0010001101010 01
1 01
000111001 01
1 01
0010011 01
1 01
00101 01
1 001110011
001101 01
1 01
00101 01
1 0011100100
01 01
1 00010
01 01
1 00010
001101 01
00101 01
1 00000
001101 01
1 01
01 01
1 001111
01 01
1 00010
01 01
1 00010
001101 01
1 00010
001101 01
1 00010
01 01
1 00010
001101 01
1 00010
001101 01
00101 01
1 00000
000110 01
1 01
0010011 01
1 0011100100
01 01
1 001110011
00101 01
1 00000
001101 01
1 0001110001
0010011 01
000110 01
1 01
01 01
1 000011
00101 01
001101 01
000110 01
1 000010100
01 01
1 00000
0010000 001101
00101 01
1 001111
00101 01
1 01
01 01
1 0010001000011
01 01
1 00010
001110110 01
0010011 01
01 01
1 001111
00101 01
000110 01
1 001000111000110
001100011011 01
00101 01
001101 01
1 001111
00011110010 01
00001000 01
1 00000
00111011111 01
000110 01
1 00000
0011100010 01
00101 001101
1 001111
000111101 01
000110 01
1 00000
001100101 01
00101 01
1 00000
00110011 01
00101 01
1 00000
00101 01
1 00010
00110011 01
0010011 01
1 00000
0011100010 01
00000 01
1 00000
00110010000 01
00101 01
01 01
1 001111
00110010000 01
001101 01
1 00000
00100010011 01
00011111 01
1 00000
00010 01
0000101100 01
000011 01
000110 01
01 01
1 0010011
0001110100 01
001100001011 01
0011100001 01
001101 01
1 000011
001001010 01
001101 01
1 00000
0001110110 01
000011 01
1 00000
00001011100 01
00010 01
000110 01
1 001111
0011101010 01
00000 01
001101 01
1 001111
0011101010 01
000110 01
1 00000
00110010011 01
001101 01
0010000 01
1 001111
001100011010 01
00100010011 01
0011100100 01
000110 01
1 000011
000111001 01
001110011 01
01 01
0010011 01
1 000011
0011101010 01
000011 01
00000 01
001101 01
01 01
1 0010011
00011110000 01
0011101000 01
00010 01
000110 01
1 000011
0011000111 01
1 001101
00101 01
1 000011
001100101 01
00101 01
000110 01
1 001111
001110110 01
01 01
1 00000
001001001 01
1 00010
001001001 01
1 00010
001001001 01
1 00010
000111101 01
1 00010
000111001 01
1 00010
0011100001 01
1 00010
000010011 01
00101 01
001101 01
1 001111
0011000101 01
001001010 01
0010000 01
00101 01
1 000011
00100101110 01
01 01
1 00000
00111011111 01
0010001101010 01
1 01
0011101000 01
1 01
0010011 01
1 01
00101 01
1 001110011
01 01
1 0001110001
01 01
1 00010
01 01
1 00010
01 01
1 00010
01 01
1 00010
01 01
1 00010
001101 01
1 00010
001101 001101
1 00000
000110 01
1 001100000
0010011 01
00101 01
1 00000
000110 01
01 01
1 00000
001101 01
01 01
1 000010100
001101 01
00101 01
1 00000
01 001101
1 0010001011
00101 01
1 001111
001101 01
0010000 01
1 00000
00101 01
01 01
1 01
01 01
1 000011
000110 01
0010000 01
00101 01
1 001111
0010000 01
000011 01
1 00000
00101 01
1 001110011
00101 01
1 000111100110
00101 01
0010011 01
00101 01
1 001111
001110110 01
000110 01
1 00100010000101
00101 01
1 001000111110011
001110100110 01
1 01
0010011 01
01 01
1 000011
001110100100 01
001100101 01
00101 01
1 001111
00111011111 01
00101 01
1 00000
0000101010 01
0010000 01
1 00000
0011101000 01
00101 01
1 00000
001001001 01
1 00010
001100101 01
00101 01
1 00000
00011111 01
1 00010
00001000 01
0010011 01
1 00000
0010001010 01
0011000101 01
0010000 01
1 001111
00110010001 01
001110110 01
0010000 01
1 001111
00110010000 01
00101 01
1 00000
00110010000 01
1 01
001101 01
1 001111
000110 01
0000101100 01
001101 01
00101 01
1 000011
00110001100 001101
0011101000 01
1 001111
0011100001 01
1 00010
00100010011 01
000011 01
1 00000
00001011010 01
0010010001 01
1 00000
001110010110 01
1 01
01 01
1 001111
0011101010 01
000110 01
1 00000
00110010011 01
01 01
00101 01
1 001111
00001011011 01
001001010 01
0011000101 01
0010000 01
001101 01
1 0010011
001001001 01
00000 01
0010000 01
00101 01
1 000011
00011110000 01
001100000 01
001110011 01
001101 01
1 000011
001100100101 01
00110010001 01
1 01
01 01
1 000011
000111001 01
00101 01
001101 01
00101 01
1 000011
001110110 01
1 00010
00001000 01
1 00010
001001001 01
1 00010
001001001 01
1 00010
001001010 01
1 00010
000111101 01
1 00010
000111001 01
1 00010
000010011 01
001101 01
1 00000
001100101 01
0011100001 01
001101 01
1 001111
00100101110 01
00101 01
000110 01
1 001111
00100101110 01
1 00010
0010001010 01
0011100011010 01
00101 01
0011100001 01
1 01
0010011 01
1 01
000110 001101
1 001000100010001
000110 01
1 00000
0011000101 01
1 00010
0010011 01
1 00010
001110011 01
1 00010
0010010001 01
1 01
0010000 01
01 01
1 00100101101
000011 01
00101 001101
1 00100011101
001101 01
0010000 01
01 01
1 00010
001101 01
01 01
1 000011
000110 01
00101 01
1 01
01 01
1 000011
00110011 01
01 01
001101 01
1 001111
00101 01
01 01
1 00111000111
01 01
1 0001110100
00110011 01
001101 01
01 01
1 00110001001
000110 01
00101 01
1 0010001100011
00101 01
01 01
1 00000
00011111 01
1 001110011
0010000 01
1 00000
00101 01
1 0011101110
01 01
1 00100011100110
01 01
1 001000110011001
01 01
1 001000110011000
01 01
1 001100000
00101 01
1 00100011001001
001110111101 01
0010011 01
00000 01
1 001111
001110100100 01
00011111 01
1 00000
00110010000 01
00101 01
1 00000
0000101100 01
00101 01
1 00000
0011100001 01
000110 01
1 00000
001001010 01
1 00010
00001000 01
00101 01
1 00000
001110110 01
1 00010
001110110 01
1 00010
000111001 01
0010011 01
00101 01
1 001111
00110010001 01
001101 01
00101 01
01 01
1 000011
00100101111 01
000110 01
1 00000
00001001001 01
000110 01
000011 01
1 001111
0010000 01
0011101000 01
01 01
00101 01
1 000011
01 01
0011000011 01
1 00000
000010011 01
000011 01
1 00000
00111001010 01
000011 01
00101 01
01 01
1 000011
0001110111 01
001110011 01
0010011 01
1 001111
001110010110 01
00101 01
1 00000
00011100000 01
00110011 01
1 00000
00011100000 01
1 01
00101 01
1 001111
0011101010 01
1 01
001101 01
00101 01
1 000011
000111001 01
0010011 01
0011100001 01
00110011 01
1 000011
0011101011100 01
00110001001 01
0011101110 01
1 001111
00111011111 01
0011000111 01
00001000 01
00101 01
1 000011
001001001 01
00110011 01
001101 01
1 001111
001110110 01
1 00010
00001000 01
01 01
1 00000
001001001 01
01 01
1 00000
001001010 01
1 00010
000111101 01
1 00010
000111001 01
1 00010
000111001 01
1 00010
0011100010 01
001101 01
01 01
1 001111
000011 01
000010011 01
0010000 01
1 001111
00110001100 01
1 00010
0001110001 01
00110011 01
1 00000
0011100010 01
0010001000011 01
1 01
000010011 01
1 01
000011 01
1 01
000110 01
1 01
00101 01
1 00000
00101 01
1 0001110001
01 01
1 00010
01 01
1 0001110001
00101 01
1 00010
00110011 01
001101 01
1 00000
00011111 01
00101 001101
1 001111
000111001 01
01 01
1 00000
0011101000 01
1 01
00101 01
1 001111
0001110110 01
00011111 01
0010011 01
1 001111
001101 01
1 001100000
001101 01
1 01
01 01
1 001111
0010011 001101
1 0001110100
00101 01
01 01
1 001111
01 01
001101 001101
1 001111
00101 01
1 01
001101 01
1 001111
00110011 001101
1 00000
00101 01
1 01
01 01
1 001000111110110
0010000 01
1 001100000
0010000 01
1 001110011
00101 01
1 0010001100011
01 01
1 00010
00110011 01
1 01
01 01
1 001111
0010011 01
000110 01
1 00000
00000 01
000011 01
1 000111000010
00101 01
1 001000111100111
0010000 01
1 001110011
00101 01
1 00000
001101 01
00101 01
1 001000110010101
00101 01
1 001000111111010
00100100000 01
00000 01
000011 01
1 001111
001110010111 01
00110011 01
00101 01
1 001111
00110010001 01
1 00010
0010001010 01
00101 01
1 00000
0011100010 01
00101 01
1 00000
0011100001 01
1 00010
001001010 01
00101 01
1 00000
001100101 01
1 00010
001110110 01
1 00010
00001000 01
1 00010
001001010 01
01 01
1 00000
00110011 01
0011101000 01
001111 01
00101 01
1 000011
0011101110 01
0011000101 01
00010 01
0010000 01
1 000011
0000100101 01
001101 01
00101 01
000110 01
1 000011
000110 01
0010010001 01
01 001101
1 000011
0000101010 01
000011 01
00101 01
1 001111
00011110010 01
0011100100 01
001110110 01
01 01
1 000011
00100011100001 01
1 01
001101 01
1 001111
0011101010 01
1 00010
00110010011 01
0010000 01
000110 01
001101 01
1 000011
00001011011 01
1 01
00101 01
1 001111
0011101010 01
0010011 01
1 00000
0001110110 01
0011100001 01
00111011111 01
1 001111
001000110100 01
0011000011 01
0011101110 01
01 01
001101 01
1 0010011
000010011 01
00110011 01
00011111 01
00101 01
1 000011
001100101 01
000110 01
00101 01
1 001111
001100101 01
1 00010
001001001 01
1 00010
001001010 01
1 00010
001001010 01
1 00010
000111101 01
1 00010
000111001 01
1 00010
0011101000 01
1 00010
000010011 01
00101 01
001101 01
00101 01
1 000011
0011000101 01
001001010 01
000110 01
1 001111
00100101101 01
000110 01
1 00000
00100011101 01
0010000 01
1 00000
0011100010 01
000111100110 01
1 01
000010011 01
1 01
000011 01
1 01
000110 01
00101 01
1 001100000
00101 01
1 0001110001
001101 01
1 00010
01 01
1 00010
01 01
1 00010
01 01
1 00010
01 01
1 00010
00101 01
01 01
1 00000
00001000 01
000011 01
00101 01
1 001111
001001001 01
00110011 01
01 01
1 001111
00101 01
1 00010
01 01
1 00010
01 01
1 00010
0010011 01
0010000 01
1 01
01 01
1 000011
00101 01
1 001100000
00101 01
1 0001110001
01 01
001111 01
1 01
000110 01
1 000011
00011111 01
000011 01
00101 01
1 001111
00101 01
000110 01
1 00100011010110
01 01
1 00000
00101 001101
1 00000
00101 01
01 01
1 00000
00101 01
1 0010001100001
00101 001101
1 0001110100
00101 01
1 00111010111111
01 01
1 001000110111000
00101 01
1 001000111000100
00100100000 01
0010011 01
00110011 01
1 01
01 01
1 0010011
00011110010 01
001110110 01
00101 01
1 001111
00110010000 01
000110 01
1 00000
0010001010 01
000110 01
1 00000
0011100010 01
00101 01
1 00000
000010011 01
1 00010
000010011 01
1 00010
0011101000 01
1 00010
000111001 01
00101 01
01 01
1 001111
000111101 01
1 00010
00001000 01
00101 01
1 00000
001111 01
0011100001 01
001111 01
00101 01
1 000011
00100101101 01
001110011 01
1 01
00101 01
1 000011
00100101110 01
000011 01
00101 001101
1 000011
001100101 01
00001011110 01
0010011 01
1 001111
00100010011 01
0010011 01
1 00000
00110000100 01
0011100100 01
001111 01
1 001111
0001110101 01
00101 01
01 01
1 001111
0011100000 01
00101 01
01 01
1 001111
00001011011 01
000110 001101
1 001111
00110010011 01
1 00010
0011100000 01
001101 01
1 00000
00110010001 001101
0011100010 01
000011 01
00101 01
1 0010011
00001011111 01
00101 01
0011000101 01
01 01
000110 01
00101 01
1 001101
0011101000 01
000110 01
00101 01
1 001111
001100101 01
00101 01
1 00000
00001000 01
1 00010
001001010 01
01 01
1 00000
001001010 01
1 00010
001001010 01
1 00010
000111001 01
1 00010
000111001 01
1 00010
000010011 01
01 01
1 00000
000010011 01
001110110 01
001111 01
00101 01
1 000011
000010100 01
001100101 01
000110 01
1 001111
001100100100 01
00011111 01
1 00000
001110111100 01
01 01
1 00000
0011100010 01
000111100110 01
1 01
000010011 01
1 01
000011 01
1 01
000110 01
1 001101
01 01
1 001111
01 01
1 001110101100
01 01
1 00010
0010011 01
1 00010
0010011 01
1 00010
01 01
1 001100000
001111 01
001110110 01
01 01
1 001111
001101 01
001110011 01
01 01
00101 01
1 000011
0011000101 01
1 01
0010000 01
1 001111
0010011 01
00101 01
1 01
01 01
1 000011
001101 01
1 01
01 01
1 001111
00000 01
0010011 01
00101 01
1 0000100101
00101 01
1 0001110001
001101 01
000110 01
1 001111
000110 01
01 01
1 000111000010
01 01
1 00000
00101 01
1 00010
0010000 01
1 0010001100001
00011111 01
0010011 01
1 00000
00011111 01
00110011 01
00101 01
01 01
1 000011
00001000 01
00101 01
01 01
1 001111
00101 01
1 00111010111011
001101 01
1 00010
00000 01
1 00010
000011 01
01 001101
1 001111
01 01
1 00111010111011
00101 01
1 00010
000110 01
1 00111010111010
0011101011100 01
01 01
00101 01
001101 01
01 01
1 0010011
00100100000 01
00001000 01
1 00000
00110010000 01
0010000 01
1 00000
00111011111 01
1 00010
0001110110 01
000110 01
1 00000
000010011 01
00101 01
1 00000
0000101010 01
00000 01
00110011 01
01 01
1 000011
00001011100 01
1 01
01 01
1 001111
00100101111 01
00101 01
1 00000
00001011111 01
00101 01
1 00000
00001001000 01
01 01
1 00000
001110010111 01
1 00010
00111011111 01
0010000 01
1 01
01 01
1 000011
00001001001 01
1 01
000011 01
1 001111
00001001001 01
1 01
000011 01
1 001111
00001011100 01
000010100 01
00011111 01
1 001111
001110010110 01
1 01
001101 01
1 001111
0001110101 01
1 00010
0001110111 01
000110 01
1 00000
00001011011 01
00101 01
000110 01
1 001111
00110010011 01
001101 01
1 00000
0011101010 01
0010011 01
1 00000
00001001000 01
001110010111 01
0010000 01
001111 01
1 000011
0000101100 01
00011111 01
01 01
00101 001101
1 0010011
000111101 01
1 01
00101 01
1 001111
001110110 01
1 00010
00001000 01
1 00010
001001010 01
1 00010
001001010 01
1 00010
000111101 01
1 00010
000111001 01
1 00010
0011101000 01
1 00010
0011100010 01
001101 01
00101 01
1 001111
0011100001 01
001001010 01
00000 01
1 001111
00110001100 01
001001001 01
00101 01
1 001111
001110001100 01
00101 001101
1 001111
00001011101 01
01 01
1 00000
000010011 01
000010101100 01
1 01
000010011 01
1 01
000011 01
1 01
000110 01
001101 01
01 01
00101 01
1 001111
01 01
1 001101
00101 01
1 000011
01 001101
1 00000
01 01
1 0010001011
01 01
1 00010
000110 01
1 00000
00010 01
00101 01
1 00000
0011100100 01
1 00010
0010010001 01
01 01
1 00000
0011000011 01
1 00010
0011101110 01
01 01
1 00000
00010 01
1 00010
001110011 01
1 001110011
000011 01
1 00000
001111 01
00011111 01
1 00010
01 01
1 0001110100
00101 01
1 000010100
001101 01
1 01
00110011 01
1 001111
00110011 01
1 01
01 01
1 001111
00101 01
1 00100011010111
01 01
1 00000
0010000 01
1 00010
00101 001101
1 00111000111
00101 01
1 0001110100
01 01
1 00010
001111 01
01 01
00101 01
1 00110001001
001101 01
1 00010
0010011 01
1 00010
001111 01
00101 01
1 00000
001110011 01
1 00010
00000 01
0010011 01
1 001110011
01 01
1 001000111101010
0010000 01
1 00010
000110 01
1 0001110100
000110 01
1 00010
000110 01
1 00010
01 01
1 00100011110100
01 01
1 00010
01 01
1 00010
01 01
1 00111010111010
001110100101 01
1 001101
01 01
1 000011
001110100110 01
00011111 01
01 01
1 001111
001110010111 01
00011111 01
1 00000
00111001010 01
00101 01
1 00000
00111011111 01
000110 01
1 00000
0011100010 01
0010000 01
1 00000
0011101000 01
1 00010
0000101100 01
000011 01
1 00000
00001011111 01
1 00010
00111001010 01
00101 01
1 00000
000010011 01
00001000 01
1 00000
00110011 01
1 01
0010000 01
1 001111
01 01
1 01
0010000 01
01 01
1 000011
0011000111 01
01 01
000011 01
01 01
1 000011
0010001010 01
001111 01
1 00000
00110000100 01
0010010001 01
001111 01
1 001111
001110010110 01
000110 01
1 00000
0001110101 01
00101 01
1 00000
0001110111 01
1 00010
001100011011 01
1 01
00101 01
000110 01
1 000011
00110000100 01
000011 01
01 01
1 001111
00011100000 01
000011 01
000110 001101
1 000011
001000110100 01
001110010111 01
001110011 01
001101 01
00101 01
1 0010011
000111101 01
000110 01
1 001101
01 001101
1 001101
001001001 01
00101 01
1 00000
001110110 01
1 00010
00001000 01
1 00010
00001000 01
1 00010
001001001 01
1 00010
000111101 01
1 00010
000111001 01
1 00010
000111001 01
1 00010
0011100010 01
001101 01
1 00000
001001010 01
0011100010 01
001111 01
1 001111
00100101100 01
001001001 01
000110 01
1 001111
000111000011 01
1 00010
001110001100 01
1 00010
0011100001 01
00100011001111 01
1 01
000010011 01
1 01
000011 01
1 01
000110 01
01 01
1 00010
001101 01
1 00010
001101 01
1 00010
01 01
1 00010
001101 01
1 00010
01 01
1 001110011
01 01
1 00000
000110 01
1 00010
0010000 01
1 00010
00101 001101
1 00000
01 01
00101 01
1 00000
001101 01
00101 01
1 00000
0010010001 01
1 001110011
0010011 01
01 01
1 001111
01 01
0010000 01
01 01
1 001111
00010 01
00000 01
1 00110001000
000110 01
00101 01
1 01
01 01
1 0010010001
00101 01
1 001100000
00101 0010011
1 00100011000000
01 01
1 00000
000110 01
1 00111010111111
00101 01
1 0001110100
01 01
1 00010
00101 01
1 00000
00101 01
01 01
1 000010100
001110110 01
001101 01
1 00000
000111101 01
00101 01
1 00000
001001010 01
00101 01
1 000010100
00101 01
1 0011101110
00101 01
1 001000111001000
00101 01
1 001100000
0010000 01
01 01
1 00000
001110110 01
1 00010
001110110 01
000110 01
1 001000100011011
00101 01
1 001100000
00101 01
1 00010
00101 01
1 00111010111010
00110000100 01
1 00010
00011110000 01
0010000 01
1 00000
00100010010 01
0010000 01
00101 01
1 001111
001110100100 01
0010000 01
1 00000
00111001010 01
0010000 01
1 00000
0000101100 01
00101 01
1 00000
0011000111 01
1 00010
0011000111 01
01 01
1 00000
0010001010 01
01 01
1 00000
00110010001 01
1 00010
00111001010 01
1 00010
00111011111 01
1 01
000110 01
1 001111
0000101010 01
00110011 01
1 00000
0011000111 01
001101 01
1 00000
00100100000 01
000010100 01
01 001101
1 000011
001110010110 01
1 00010
0001110101 01
00101 001101
1 001111
0011101010 01
1 00010
0001110111 01
1 01
01 01
1 001111
001110100101 01
000011 01
001101 01
00101 001101
1 0010011
00110000100 01
000011 01
0010011 01
01 01
1 000011
00110000100 01
0010011 01
00110011 01
000110 01
1 000011
00001010111 01
00001001000 01
0010010001 01
1 001111
001100101 01
1 01
001101 01
1 01
01 01
1 0010011
001001001 01
00101 01
1 00000
001100101 01
1 00010
00001000 01
1 00010
00001000 01
1 00010
001001001 01
1 00010
000111101 01
1 00010
0011101000 01
1 00010
0011100001 01
1 00010
0011000111 01
001101 01
1 00000
00001000 01
0010001010 01
001110011 01
1 001111
000111000011 01
00011111 01
0010000 01
1 001111
001001000010 01
1 00010
0011100011011 01
1 00010
000111001 01
001000111110111 01
1 01
0011100010 01
1 01
000011 01
1 01
000110 01
01 01
1 00010
01 01
1 00010
0010011 01
1 00010
0010011 01
1 001100000
01 01
1 00010
01 01
1 001110011
01 01
1 000010100
000110 01
01 01
1 00010
000110 01
1 00000
0010011 01
1 00010
00110011 01
01 001101
1 001111
01 01
1 00010
001110011 01
01 01
000110 01
1 00111000111
00101 01
1 01
00101 01
1 00100011101
00101 01
1 01
00101 01
1 001000111110010
01 01
1 001110011
01 01
1 00000
00101 01
1 001100000
00101 01
1 000010101100
01 01
1 0001110001
01 01
00101 01
1 00000
0010011 01
1 00010
000011 01
1 00010
0010011 001101
1 00010
00101 01
1 00010
000110 01
1 01
01 01
1 001000111001001
00101 01
1 00010
00101 01
1 000111000010
00101 01
1 001000111111100
00011100000 01
00101 01
1 00000
00110010011 01
00101 01
001101 01
1 001111
001110100101 01
000110 01
01 01
1 001111
001100100101 01
00011111 01
1 00000
00001011111 01
0010000 01
1 00000
00100010011 01
000110 01
1 00000
0001110110 01
1 00010
0011000111 01
00101 01
1 00000
0011100001 01
00101 01
1 00000
000111101 01
00101 01
01 01
1 001111
00011111 01
000110 01
00101 01
1 001111
00011111 01
001101 01
01 01
1 001111
001001010 01
000011 01
1 00000
00110010000 01
0011000011 01
00011111 01
01 01
1 000011
0001110111 01
01 01
1 01
001101 01
1 000011
00100011100001 01
1 00010
0011100000 01
00101 01
1 00000
0001110111 01
1 00010
0001110111 01
000110 01
01 01
1 001111
001100011010 01
00000 01
001111 01
1 001101
00101 01
1 001101
00011110000 01
000011 01
01 01
1 001111
00110000100 01
01 01
0010000 01
1 001111
001100100101 01
00100101111 01
00001011110 01
00101 001101
1 0010011
00011111 01
000011 01
1 01
0010011 01
1 000011
00001000 01
000110 01
00101 01
1 001111
001100101 01
1 00010
00001000 01
1 00010
00001000 01
1 00010
00001000 01
1 00010
001001010 01
1 00010
0011101000 01
01 01
1 00000
000010011 01
1 00010
0001110110 01
0010011 01
1 00000
001100101 01
00111001010 01
0011000101 01
1 001111
00111000111 01
0010000 01
000110 01
1 001111
00111000111 01
1 00010
001001000010 01
1 00010
0011100001 01
00100011001111 01
1 01
000010011 01
1 01
000011 01
1 01
000110 01
1 0010001011
001101 01
1 00010
001101 01
1 00010
01 01
1 0001110001
00101 01
1 00010
00011111 01
01 01
1 00000
00011111 01
00101 01
1 00000
001110110 01
1 00010
00110011 01
00101 01
1 00010
00101 01
1 00000
0010011 01
001110110 01
001101 01
1 001111
001101 01
01 0010011
1 00100011101
01 01
1 001110011
00101 01
1 001100000
00101 01
1 00100011011110
00101 01
001101 01
1 00010
00101 01
1 000010100
001101 01
1 0010001100010
00101 01
01 01
1 00000
00101 001101
1 00100011011111
00101 01
1 001000110111001
00101 01
1 001000100000100
0011101010 01
00101 01
1 00000
00011100000 01
1 00010
00110010011 01
01 01
1 00000
00110000100 01
00110011 01
1 00000
00100010010 01
00110011 01
1 00000
00111001010 01
0010000 01
00101 01
1 001111
0010001010 01
00101 01
1 00000
0011100001 01
0010000 01
1 00000
00001000 01
000110 01
1 00000
00101 01
1 001110011
01 01
00101 01
1 00010
00101 01
1 001111
000111101 01
00010 01
001101 01
1 001111
00100100000 01
0000100101 01
1 00000
0011101010 01
01 01
0010000 01
1 001111
001110010110 01
1 00010
0011101010 01
000110 01
1 00000
0011101010 01
00101 01
1 00000
00110010011 01
00110011 01
0010011 01
00101 01
1 000011
001100001010 01
00000 01
00010 01
1 001111
00011110000 01
001101 001101
1 001111
00011110000 01
1 01
01 01
00101 01
1 000011
001100100101 01
00001001001 01
00100101101 01
000110 01
1 000011
00011111 01
000011 01
00101 01
0010011 01
1 000011
001001001 01
000110 01
1 00000
001100101 01
01 01
1 00000
001001010 01
1 00010
001001010 01
1 00010
001001010 01
00101 01
1 00000
000111101 01
01 01
1 00000
0011100001 01
01 01
1 00000
0011000111 01
1 00010
0010001010 01
001101 01
1 00000
01 01
001110100100 01
000011 01
01 01
1 000011
00111010110100 01
1 01
000110 01
1 001111
000111000011 01
01 01
1 00000
000111000011 01
00101 01
1 00000
0011101000 01
001000110011101 01
1 01
0011100010 01
1 01
000011 01
1 01
000110 01
1 00011110001
001111 01
00101 01
1 00000
00000 01
1 00010
0010011 01
1 00010
01 01
1 00010
01 01
1 00010
001101 01
1 001110011
001101 01
1 00000
00101 01
1 001110011
00101 01
1 00000
01 01
1 00010
001111 01
001101 01
00101 01
1 00010
00101 01
1 00100011101
00101 01
1 0010001011
01 01
1 0001110001
01 01
1 00000
01 01
1 00010
01 01
1 000010101101
01 01
1 00010
0010000 01
1 01
001101 01
1 0011100100
01 01
1 0010001100010
00101 01
1 001100000
00101 01
1 0011101110
00101 01
1 00010
00101 01
1 00111010111110
00101 01
1 001000100000010
0001110111 01
1 00010
0001110111 01
1 00010
00001011011 01
000110 01
1 00000
00001011011 01
1 00010
001110100110 01
000110 01
1 00000
001100100101 01
0010000 01
1 00000
00001001000 01
000110 01
1 00000
00111011111 01
00110011 01
1 00000
0011100001 01
00110011 01
01 01
1 001111
001100101 01
00101 01
01 01
1 001111
000110 01
1 01
000110 01
1 001111
001110110 01
01 01
00101 01
1 001111
0011100001 01
001101 01
1 00000
00001011010 01
00100101101 01
001101 01
1 001111
0001110101 01
1 00010
001110010110 01
1 00010
0011100000 01
00101 01
1 00000
0011100000 01
1 00010
00110010011 01
00011111 01
001101 01
00101 01
1 000011
0011101011100 01
00000 01
0010011 01
1 001111
001100011011 01
01 01
001101 01
1 001111
001100011011 01
1 01
01 01
00101 01
1 000011
001000110100 01
00100101111 01
00100101110 01
1 01
00101 01
1 0010011
000111101 01
00010 01
00110011 01
1 001111
00110010001 01
1 01
01 01
1 001111
0010001010 01
00101 01
1 00000
0011000111 01
00101 01
1 00000
0011101000 01
1 00010
000111101 01
1 00010
0011101000 01
1 00010
0011100001 01
01 01
00101 01
1 001111
0000101010 01
01 01
1 00000
00100010011 01
001101 01
1 00000
000010100 01
00001001000 01
001100101 01
00101 01
1 000011
001001000010 01
001101 01
1 00000
00001011101 01
1 00010
001110111100 01
1 00010
0011100010 01
000111100110 01
1 01
0011100001 01
1 01
0010011 01
1 01
000110 01
1 00001011110
01 01
00101 01
1 001111
00011111 01
1 00010
001001010 01
1 00010
000111101 01
1 00010
001100101 01
000110 01
1 00000
0010000 01
00101 01
1 00000
00101 01
1 01
00101 01
1 00000
00101 01
01 01
1 0011100100
00110011 01
1 00010
00001000 01
001101 01
1 00000
001110110 01
00110011 01
1 00111010110101
000110 01
1 01
01 01
1 001111
000011 01
000110 01
01 001101
1 000011
00000 01
1 00010
00010 01
1 00010
00010 01
1 00010
000011 01
01 01
1 00000
01 01
1 0001110100
01 01
1 00010
001110110 01
0010000 01
01 01
1 001111
001101 01
1 00010
01 01
1 00010
001101 01
1 00010
001101 01
01 01
1 00110001000
01 01
00101 01
1 00000
001111 01
1 00010
00010 01
1 00010
0011101110 01
1 00010
000011 01
1 00010
0010011 01
1 00010
01 01
1 001100000
0010011 01
00101 01
1 00000
0011101110 01
00101 01
1 00000
00000 01
0010011 01
1 001000111101111
00101 01
1 0010001100001
00101 01
1 001100000
01 01
00101 01
1 00000
001101 01
1 001100000
01 01
1 00010
01 01
1 00010
001101 01
1 00010
01 01
1 00010
0010000 01
1 00010
00110011 01
00101 01
1 001000110010111
00101 01
1 001100000
001101 01
1 001000100010000
0011101010 01
00101 01
1 00000
0001110111 01
1 00010
00011100000 01
0010000 01
001101 01
1 001111
001110111101 01
001100101 01
001101 01
1 001111
00111001010 01
000110 01
00101 01
1 001111
00111011111 01
1 00010
0000101100 01
1 00010
0001110110 01
1 00010
0011101000 01
000110 01
1 00000
000111101 01
1 00010
000111101 01
00101 01
1 00000
00110011 01
00011111 01
01 01
1 001111
0010010001 01
001100101 01
1 00000
00110001100 01
0010011 01
00101 01
1 001111
000110 01
000010100 01
1 00000
001100100101 01
0011100100 01
1 01
01 01
1 000011
0011100000 01
1 00010
0001110101 01
1 01
01 01
1 001111
00011100000 01
00110011 01
1 00000
001110100110 01
00010 01
001101 01
000110 01
00101 01
1 0010011
00011110000 01
001101 01
01 01
1 001111
00011110000 01
01 01
1 01
00101 01
1 000011
00001011100 01
00001001000 01
0011101110 01
000011 01
0010000 01
1 0010011
0001110110 01
0011000011 01
00101 01
1 001111
00001011111 01
01 01
00101 01
1 001111
00001001000 01
1 01
01 01
1 001111
001110010111 01
1 00010
00001001000 01
1 00010
00001011111 01
00101 01
1 00000
00110010000 01
1 00010
0010001010 01
1 00010
0010001010 01
01 01
1 00000
00110010000 01
1 01
001101 01
1 001111
00011110001 01
0011000111 01
00001000 01
000110 01
1 000011
00100011101 01
0010011 01
01 01
1 001111
00110001000 01
00101 01
1 00000
00100101100 01
01 01
1 00000
0010001010 01
0011100011010 01
01 01
000111001 01
1 01
0010011 01
1 01
00101 01
1 00011110001
000110 01
1 001110011
00101 01
1 00000
01 01
1 00010
001101 01
1 0001110001
0010011 01
1 00010
0010011 01
1 001110011
01 01
1 00000
000110 01
1 00010
001110110 01
0010011 01
00101 01
1 001111
00001010111 01
001110011 01
01 01
1 001111
001110010111 01
000111101 01
01 01
1 00000
00101 01
1 00011110001
01 01
1 00110001001
00101 01
1 01
001101 01
00101 01
1 001111
01 01
000110 01
1 001111
00011111 01
1 00010
00101 01
000110 01
1 00000
01 01
1 00010
000011 01
1 00010
001110011 01
1 00010
00010 01
1 00010
00000 01
1 00010
001101 01
1 0010001011
000110 01
1 00000
0010011 01
1 0001110001
01 001101
1 00111000111
00101 01
1 00100011010110
0010000 01
001101 01
1 00000
000111101 01
00110011 01
0010011 01
1 001111
0010010001 01
00101 01
0010000 01
1 00000
01 01
1 00111010110101
01 01
1 00010
01 01
1 0001110100
00101 01
1 00010
00101 01
1 00111010111100
000110 01
01 01
1 00010
00011111 01
1 00000
000110 01
000011 01
01 01
1 001000100010010
00101 01
1 001110011
00101 01
1 00010
000110 01
1 001000100011000
0011101010 01
00101 01
1 00000
00011100000 01
1 01
00101 01
1 001111
0001110111 01
1 01
01 01
1 001111
00100010010 01
00001000 01
1 00000
00001001001 01
000110 01
1 00000
00110010001 01
1 00010
00111011111 01
00101 01
01 01
1 001111
0000101010 01
1 00010
0011100010 01
1 00010
0011000111 01
1 00010
000111101 01
0010000 01
1 00010
001100101 01
1 00000
001100000 01
00011111 01
00101 01
1 001111
00110001001 01
1 01
01 01
1 001111
00011110001 01
1 01
01 01
1 001111
00011110001 01
1 00010
001110011 01
00001011110 01
0010000 01
001101 01
1 000011
0011101001111 01
00001011110 01
00000 01
1 001111
00011100000 01
00110011 01
1 00000
0011101001111 01
001111 01
000110 01
00110011 01
00101 01
1 0010011
00001011011 01
1 01
01 01
1 001111
00110000100 01
01 001101
1 001111
00100101111 01
00001001001 01
00101 01
00010 01
1 000011
0011100010 01
001101 01
0010011 01
1 001111
0011100010 01
01 001101
1 001111
0000101100 01
000011 01
01 01
1 001111
00110010001 01
01 01
1 00000
00100101111 01
001101 01
1 00000
00011110010 01
01 01
1 00000
00100100000 01
1 01
01 01
1 001111
00100010010 01
1 00010
00001011100 01
000110 001101
1 001111
00001010111 01
1 01
000011 01
00101 01
1 000011
00100101110 01
0011000111 01
001001010 01
000110 01
1 000011
001100100100 01
000110 01
01 01
1 001111
00100011101 01
001101 01
1 00000
00110001001 01
00000 01
1 00000
00100101111 01
0011101001110 01
000011 01
00001000 01
1 01
001101 01
1 01
00101 01
1 00011110001
01 01
1 01
01 01
1 001111
01 01
1 0010001011
00101 01
1 00000
00101 01
01 01
1 001100000
01 01
1 00000
00101 01
1 00010
000110 01
1 001110011
00101 01
1 00000
0010011 01
1 00010
01 001101
1 00000
000110 01
1 00010
00001001001 01
0011100100 01
01 01
1 001111
0001110110 01
0011000111 01
00101 01
1 001111
01 01
1 00001011101
01 01
1 01
00101 01
1 0010011
000110 01
001101 01
1 00000
00101 001101
1 00000
0010000 01
1 00010
00110011 01
01 01
1 00000
00011111 01
1 00010
00110011 01
1 001110011
000110 01
1 00000
000011 01
1 00010
00101 01
1 00010
000011 01
000110 01
00101 01
1 001111
01 01
1 00010
00101 01
01 01
1 00010
00101 01
1 00000
00010 01
00110011 01
1 00000
00010 01
00000 01
1 01
00101 01
1 001000111100000
001001010 01
1 01
001111 01
00101 01
1 000011
001110011 01
00000 01
00101 01
1 00100011011110
001101 01
1 00010
01 01
1 00010
01 01
1 00010
001101 01
1 00010
01 01
1 00011110001
01 01
1 00000
00101 001101
1 001000111100011
0010000 001101
001101 01
1 001111
000110 01
1 01
001101 01
1 001000110010110
00101 001101
1 001000111101110
01 01
1 001000100010111
0011101010 01
000110 01
00101 01
1 001111
00110000100 01
00110011 01
1 00000
00011100000 01
001101 001101
1 001111
00100010010 01
001001001 01
1 00000
00001001001 01
000110 01
1 00000
00110010001 01
1 00010
0010001010 01
000110 01
1 00000
0011100010 01
00101 01
1 00000
0011000111 01
1 00010
000010011 01
000110 01
1 00000
001110110 01
0010000 01
1 00010
0010000 01
1 00000
0011000011 01
0010000 01
1 00000
0010001011 01
00101 01
1 00000
00110001100 01
00101 01
01 01
1 001111
001100001011 01
000110 01
1 00000
00110001000 01
00101 01
1 00000
001100100100 01
0011101110 01
00011111 01
01 01
1 000011
001110100100 01
00100101100 01
0010011 01
1 01
01 01
1 0010011
00001011011 01
01 01
000110 001101
1 000011
00110010011 01
1 00010
00001011011 01
001101 01
1 01
01 01
1 000011
00111001010 01
00001011111 01
001001010 01
001101 01
0010011 01
1 0010011
0011101000 01
0010000 01
1 01
001101 01
1 000011
000111101 01
01 01
1 00000
0011100001 01
01 01
1 00000
0011000111 01
01 01
1 00000
0000101100 01
01 01
1 00000
00110010000 01
01 01
1 00000
00001001001 01
001101 01
1 00000
00011110010 01
1 01
001101 01
00101 01
1 000011
00110010001 01
1 01
00110011 01
1 001111
00001011100 01
00001000 01
0010010001 01
000110 01
1 000011
001100001011 01
001001010 01
001110110 01
00101 01
1 000011
0001110100 01
00101 01
1 00000
001100100100 01
00000 01
1 00000
00110011 01
001100100100 01
0010000 01
1 001111
0011100000 01
0011000101 01
0010011 01
1 0011100100
00101 01
1 00010
00101 001101
1 00000
00101 01
01 01
1 00010
01 01
1 00000
01 01
1 01
00101 01
1 001111
0010000 01
1 0001110001
00101 01
1 0010001011
00101 01
1 00000
0010011 01
1 00010
001101 01
1 00010
01 01
1 00010
01 001101
1 000010100
000111101 01
0011000011 01
00011111 01
01 01
1 000011
00001011111 01
0000101100 01
001101 001101
1 000011
001101 01
01 01
1 0000100101
00101 001101
01 001101
1 00000
01 01
1 0011100100
00101 01
1 00010
000110 01
1 00010
000110 01
1 00010
000110 01
1 00010
0010000 01
1 00010
001110110 01
1 00010
00101 01
1 00010
00001000 01
001111 01
00101 01
1 001111
00110011 01
0010000 01
00101 01
1 0011100100
0010011 01
00101 01
1 00000
0010010001 01
0010000 01
1 00000
001111 001101
01 01
1 00100011100111
00011111 01
00000 01
000110 01
1 001111
000011 01
000110 01
001100101 01
00101 01
1 00100011100111
00101 01
1 00000
001101 001101
1 001000110111010
000110 01
001101 01
1 00010
001101 01
01 01
00101 01
1 001000111111101
0001110111 01
0010000 01
1 01
01 01
1 000011
001110100110 01
001001001 01
1 01
01 01
1 000011
00011110000 01
001110011 01
001101 01
1 001111
001110111101 01
000111001 01
00101 01
1 001111
00100101111 01
00101 01
0010011 01
1 001111
00100010011 01
000110 01
1 00000
0000101010 01
1 00010
0011100010 01
00101 01
1 00000
0011100010 01
1 00010
000111001 01
000110 01
1 00000
00011111 01
0010000 01
1 00000
00101 01
000110 01
1 00000
001111 01
0010000 01
1 00000
0011000011 01
00101 01
1 00000
000010100 01
000110 01
1 00000
0000100101 01
0010000 01
1 00000
00100101100 01
000110 01
1 00000
00001011101 01
00101 01
1 00000
0001110100 01
0011101110 01
001100101 01
001101 01
1 000011
00100010010 01
001100001011 01
0011000101 01
001101 01
1 000011
0001110111 01
000110 01
1 00000
00011100000 01
01 01
000110 01
1 001111
0010001010 01
0011000111 01
0001110110 01
00110011 01
01 001101
1 001101
000111001 01
000110 01
1 01
01 01
1 000011
001001010 01
01 01
1 00000
0011101000 01
1 00010
0011100001 01
1 00010
0011100010 01
01 01
1 00000
0000101100 01
01 01
1 00000
00111011111 01
1 00010
00110010000 01
01 01
1 00000
0010001010 01
1 01
00101 01
1 001111
001001001 01
00111011111 01
0011101110 01
1 001111
001110111100 01
00101 01
000110 01
1 001111
0001110100 01
1 00010
0010001011 01
000010100 01
000110 01
1 001111
001110100100 01
0000100101 01
001101 01
1 001111
001110010110 01
00000 01
00101 01
000110 01
1 0010010001
0010000 01
01 001101
1 001111
000110 01
00101 01
1 001100000
001101 01
1 00000
00101 01
000110 01
1 00111000111
01 01
1 00010
01 01
1 00010
01 01
1 001100000
01 01
1 001100000
01 01
1 001100000
001001001 01
0011000101 01
00011111 01
001101 01
1 000011
0000101010 01
0001110110 01
00011111 01
1 01
01 01
1 00110001100
00101 01
0010000 01
1 01
01 001101
1 000111000011
00101 01
1 0001110001
00101 01
1 00010
000110 01
1 00010
001100101 01
0010011 01
01 01
1 001111
00101 001101
1 000010100
000011 01
000110 01
1 00000
0011101110 01
000011 01
000110 01
1 001111
000110 01
00101 01
1 001110101100
000110 01
1 00000
00101 01
1 00100010000101
00110011 01
001111 01
000110 01
1 001111
000011 01
001101 01
0010000 01
000110 01
1 001000100010011
000110 01
01 01
1 001110011
01 01
1 001000111111111
0001110111 01
000110 01
1 00000
00100100000 01
001100101 01
000110 01
1 001111
0011101001111 01
0011000011 01
1 00000
00001011010 01
0011101000 01
0010000 01
1 001111
00111011111 01
00110011 01
00101 01
1 001111
0000101100 01
00101 01
1 00000
0000101010 01
00101 01
1 00000
000010011 01
1 00010
0011100001 01
1 00010
000111001 01
000110 01
1 00000
00001000 01
00101 01
1 00000
0010000 01
00101 01
1 00000
01 01
000110 01
1 00000
001110011 01
00101 01
1 00000
0011100100 01
00101 01
1 00000
00100101101 01
000110 01
1 00000
00100101100 01
0010000 01
1 00000
00001011101 01
00101 01
1 00000
001001000010 01
00101 01
1 00000
00100101110 01
00001011101 01
0011100010 01
0010011 01
1 000011
0011101010 01
1 01
01 001101
1 000011
0011100000 01
1 01
00101 01
1 001111
0011000111 01
00011111 01
0011101000 01
001110110 01
00101 01
1 0010011
000111001 01
00101 001101
1 001111
000111001 01
1 00010
0011101000 01
1 01
00101 01
1 001111
000010011 01
1 00010
0011100010 01
01 01
1 00000
0000101010 01
01 01
1 00000
00100010011 01
001101 01
1 00000
00110010000 01
1 00010
001001010 01
001001001 01
1 00000
0011100100 01
0011100010 01
01 01
1 001111
001110001100 01
01 01
1 00000
00100101100 01
0010011 01
00101 01
1 00000
00011110001 01
00110011 01
01 01
1 000011
001100011010 01
0010011 001101
1 001111
0001110111 01
0010010001 01
1 01
000110 01
1 0011100100
0010000 01
1 000010100
00101 01
1 0010001011
01 01
1 0011101001110
01 01
1 00010
01 01
1 001100000
01 01
1 00010
01 01
1 0001110100
0001110110 01
00001011110 01
00101 01
0010000 01
01 01
1 0010011
00101 01
000110 01
00101 01
1 0011100100
000110 001101
00101 001101
1 001111
00101 01
1 00110001000
01 01
1 0001110100
001001010 01
0010011 01
1 00000
000111101 01
001110110 01
01 01
1 0011100100
001101 01
00101 01
1 00000
001110011 01
00101 01
1 00010
0010011 01
01 01
1 00111000111
01 01
1 001000111101100
00101 01
1 01
000011 01
000110 01
1 001111
01 01
1 0010001100011
01 001101
1 0001110100
00101 01
1 001000111000101
00110010011 01
00011111 01
01 01
1 001111
00001010111 01
0010000 01
1 00000
001100001010 01
0010010001 01
000110 01
1 001111
001110111101 01
001001010 01
0010000 01
00101 01
1 000011
0010001010 01
00101 01
000110 01
1 001111
0001110110 01
00101 01
1 00000
0011000111 01
1 00010
0011000111 01
1 00010
000010011 01
1 00010
000111001 01
00101 01
1 00000
001001001 01
000110 01
1 00000
001110110 01
00101 01
1 00000
00101 01
0010000 01
1 00000
000011 01
000110 01
1 00000
0011000011 01
0010000 01
1 00000
00110001100 01
0010000 01
01 01
1 001111
00100101100 01
0010000 01
1 00000
001110001100 01
00101 01
1 00000
00111000111 01
1 00010
00111000111 01
1 00010
00100101111 01
00111010110111 01
00110001100 01
001101 01
1 000011
0011100000 01
000110 01
001101 01
000110 01
1 000011
0011101000 01
00101 01
00110011 01
00101 01
1 000011
000111101 01
1 00010
000111101 01
1 00010
0011101000 01
01 01
1 00000
000010011 01
1 00010
0011000111 01
01 01
1 00000
0000101100 01
1 00010
00111011111 01
01 01
1 00000
001001010 01
0001110110 01
000011 01
1 001111
0000100101 01
0010000 01
000110 01
1 001111
00100101100 01
001110110 01
1 00000
001110001100 01
01 01
1 00000
00100101101 01
0011000011 01
000110 01
01 01
1 000011
00111001010 01
0000100101 01
000011 01
1 001111
001110100110 01
1 00010
00110010011 01
000010100 01
1 01
00110011 01
1 000011
00101 01
1 00010
000110 01
0010011 01
00101 01
1 001111
000110 01
00101 01
1 00000
00101 01
1 000111000010
01 01
1 00010
01 01
1 000111100111
0011100010 01
000111001 01
01 01
000011 01
001101 01
1 0010011
00101 01
01 01
00101 01
1 00010
000110 01
1 0010001000011
000111101 01
00010 01
1 01
00101 01
1 000011
001001010 01
00011111 01
1 0000100101
001111 01
000110 01
1 00000
0011101110 01
000011 01
00101 01
1 00000
00101 01
1 00000
00101 001101
1 000010100
01 01
1 01
00101 01
1 00000
00101 01
1 001000110011011
000110 01
0010000 01
00101 01
1 001111
00101 01
1 000111000010
00101 01
1 000010101100
00101 01
1 001000100001000
00101 01
1 000111000010
00101 01
1 001000110010000
00001011010 01
000111001 01
01 01
1 001111
00111001010 01
1 00010
00001011010 01
000010100 01
1 00000
00001010111 01
001001001 01
00101 001101
1 000011
0010001010 01
00101 01
1 00000
0011000111 01
00101 01
1 00000
000010011 01
1 00010
0011000111 01
1 00010
0011100010 01
1 00010
0011101000 01
1 00010
000111101 01
000110 01
1 00000
001110110 01
000110 01
1 00000
0010000 01
1 00010
01 01
0010000 01
01 01
1 001111
0011101110 01
0010000 01
1 00000
00100101110 01
0010000 01
1 00000
001100100100 01
0010000 01
1 00000
00001011101 01
00101 01
1 00000
0011100011011 01
1 00010
00111000111 01
1 00010
001111 01
00100010000000 01
0000101100 01
1 01
01 01
1 0010011
00011100000 01
000111001 01
0011000011 01
00011111 01
01 01
1 0010011
0011101000 01
00110011 01
00101 01
1 001111
001001010 01
01 001101
1 001111
000111001 01
1 01
00101 01
1 001111
0011100001 01
01 01
1 00000
000010011 01
1 00010
0000101010 01
01 01
1 00000
0010001010 01
01 01
1 00000
00110010000 01
1 00010
0011000011 01
00100101111 01
001110110 01
1 001111
00001011101 01
001111 01
1 00000
001110111100 01
00110011 01
1 00000
001110111100 01
000011 01
1 00000
01 01
00100101101 01
00101 01
01 01
1 000011
00001010111 01
000011 01
001101 01
1 001111
0011101011100 01
1 00010
00110000100 01
0010001011 01
00101 01
00011111 01
1 01
01 01
1 001101
00110011 01
01 01
1 00000
00101 001101
1 000010100
00101 01
1 0010001011
01 01
1 00000
00101 01
1 000010101101
01 01
1 000010101101
000111101 01
00010 01
00000 01
00011111 01
1 000011
00101 01
001101 01
00101 01
1 000010100
00101 01
1 0010010000110
00110011 01
00101 01
01 001101
1 000011
001101 01
1 01
00101 01
1 0011100100
01 01
1 00010
001110011 01
00101 001101
1 00000
01 01
1 00000
000110 01
1 001100000
00101 01
01 01
1 00111010111100
00101 01
001101 01
1 00100011000001
00101 01
1 001110111100
01 01
1 00000
01 01
1 001000100000011
00011110010 01
001001001 01
00101 01
1 001111
00111001010 01
1 00010
001100001010 01
0010010001 01
001111 01
1 001111
00001011100 01
001001010 01
1 00000
0000101100 01
00101 01
1 00000
0011000111 01
00101 01
1 00000
000010011 01
1 00010
0011000111 01
01 01
1 00000
0000101010 01
00101 01
1 00000
000010011 01
00101 01
1 00000
0011101000 01
000110 01
1 00000
001001001 01
00101 01
1 00000
00110011 01
00101 01
1 00010
0010000 01
1 00000
001111 01
0010000 01
1 00000
001100000 01
0010000 01
1 00000
001100001011 01
0010000 01
1 00000
001110111100 01
000110 01
1 00000
000111000011 01
1 00010
001001000010 01
1 00010
00110001000 01
0011100100 01
000111101 01
001111 01
000110 01
1 0010011
0011101001111 01
000111001 01
00100101101 01
01 0010011
1 001101
0011101000 01
000110 01
00101 01
1 001111
001001010 01
001101 01
000110 01
1 001111
0011100001 01
1 00010
000010011 01
1 00010
0011100010 01
1 00010
0011000111 01
001101 01
1 00000
00100010011 01
01 01
1 00000
0010001010 01
00101 01
01 01
1 001111
00100101110 01
0010001010 01
001100101 01
00101 01
1 000011
001100100100 01
001111 01
01 01
1 001111
00001011101 01
00110011 01
000110 01
1 001111
0000100101 01
0010010001 01
000110 01
1 001111
0001110110 01
000010100 01
000011 01
01 01
1 000011
00011110010 01
000011 01
1 00000
001110111101 01
1 01
01 01
1 001111
00110000100 01
00001011110 01
1 01
00110011 01
1 01
01 01
1 001101
000110 01
00101 01
01 01
1 0011100100
01 001101
00101 01
1 001111
000110 01
1 0001110001
01 01
1 001110101100
01 01
1 0001110100
01 01
1 001100000
01 01
1 0001110001
001110110 01
001110011 01
00011111 01
001101 01
1 000011
00011111 01
00110011 01
0010000 001101
1 0011100100
01 01
1 0011101001110
00101 01
1 001110011
00101 01
1 00000
01 01
1 001100000
000011 01
000110 01
1 00000
00010 01
001101 01
1 00000
00101 01
01 01
1 000010100
01 01
1 00100011100101
00101 01
01 01
1 00000
01 001101
1 00111010110101
00101 01
1 001000111000111
00001011100 01
00110011 01
00101 01
1 001111
00001011111 01
1 01
00101 01
1 001111
0011101001111 01
1 01
001110011 01
1 001111
00111001010 01
00001000 01
00101 01
1 001111
0011000111 01
000110 01
1 00000
000010011 01
1 00010
000010011 01
1 00010
0011100010 01
1 00010
0000101010 01
1 00010
0011000111 01
1 00010
0011101000 01
00101 01
1 00000
001001010 01
1 00010
00011111 01
1 00010
000110 01
00101 01
1 00000
001101 01
0010000 01
1 00000
0010010001 01
00110011 01
1 00000
0000100101 01
0010000 01
1 00000
00100011101 01
000110 01
1 00000
001110001100 01
00101 01
1 00000
001001000010 01
1 00010
0011100011011 01
1 00010
0010001010 01
00100101101 01
001110001100 01
001111 01
00101 01
1 0010011
0011101000 01
1 001101
00101 01
1 000011
000111001 01
1 00010
0011101000 01
1 00010
0011100001 01
1 00010
000010011 01
1 00010
0011100010 01
01 01
1 00000
0000101100 01
1 00010
0000101010 01
00101 01
1 00010
0011101000 01
1 00000
001100000 01
00110011 01
001101 01
1 001111
00001011101 01
1 01
00110011 01
1 001111
0011000011 01
00110001100 01
0010000 01
01 01
1 000011
001110010111 01
00000 01
001101 01
01 01
1 000011
00100010010 01
001101 01
1 00000
0011101011100 01
000110 01
001101 01
1 001111
00110010011 01
001100000 01
01 01
000110 01
1 0010010001
01 01
00101 01
1 00010
000011 01
1 00000
000110 01
1 00010
000110 01
1 00010
00101 01
1 0010001011
01 01
1 0011101001110
01 01
1 001100000
01 01
1 00010
001101 01
1 001110101100
000111001 01
00001000 01
01 01
0010011 01
001101 01
1 0010011
0010011 01
000110 01
00101 01
1 001111
001101 01
01 01
1 0000100101
00101 01
1 0010001011
01 01
1 00000
00101 01
1 00010
0011100100 01
00011111 01
00101 01
1 001111
001110011 01
001111 01
00101 01
1 00000
00101 01
1 00000
000011 01
00101 01
1 00000
0010011 01
1 00010
0010011 01
1 0011101110
01 01
1 001111
01 001101
1 001000110110100
00101 0010011
1 000011
00101 01
1 00010
00101 01
1 0011100011010
01 01
1 0010001100011
00101 01
1 001000111111001
00100101111 01
000110 01
1 00000
001000110100 01
0011101110 01
0010000 01
1 001111
001100001010 01
0011101000 01
001101 01
1 001111
0000101100 01
000110 01
1 00000
0011100010 01
00101 01
1 00000
0011100001 01
1 00010
0011100001 01
1 00010
000010011 01
1 00010
0011000111 01
01 001101
1 001111
0011000111 01
1 00010
0011101000 01
00101 01
1 00000
000111101 01
1 00010
001100101 01
00101 01
1 00000
00110011 01
00101 01
1 00010
000110 01
1 00000
001110011 01
0010000 01
1 00000
00100101110 01
00110011 01
1 00000
0010010000111 01
0010000 01
1 00000
001110001100 01
000110 01
1 00000
001001000010 01
1 00010
0011100011011 01
1 00010
0011101110 01
001110001100 01
00101 01
00110011 01
1 000011
00011110010 01
00010 01
0010011 01
1 001111
001110100100 01
1 01
01 01
1 001111
00111001010 01
0010000 01
1 00000
0001110110 01
000110 01
1 00000
0011100010 01
1 00010
000010011 01
1 00010
000010011 01
00101 01
01 01
1 001111
000111001 01
1 00010
000010011 01
001101 01
1 00000
001111 01
00111011111 01
0010011 01
1 001111
0001110100 01
001111 01
0010000 01
1 001111
0010000 01
0000100101 01
1 00000
001100100101 01
001111 01
01 01
1 001111
001110100110 01
1 01
01 01
1 001111
001100001010 01
001101 01
00101 01
1 001111
0011100000 01
0011000101 01
1 01
000110 01
1 001111
00101 01
1 00000
0010011 01
000110 01
1 00000
000110 01
001101 01
01 01
1 001111
000110 01
00101 01
1 00111000111
00101 01
1 00111010111111
00101 01
1 00000
001101 01
1 00010
01 01
1 00010
01 01
1 0001110100
00001000 01
1 01
0011101110 01
000110 01
00101 01
1 0010011
0010010001 01
01 01
1 00000
0011000011 01
1 00010
0011000101 01
1 00010
00010 01
1 00010
000011 01
1 001110011
01 01
1 00000
0010000 01
1 00010
000110 01
00101 01
1 000010100
00110011 01
01 001101
1 001111
01 01
00101 01
1 00000
00010 01
1 01
00101 01
1 001111
0010011 01
1 001110011
001101 01
1 00000
01 01
000110 01
1 001000111100110
00101 01
1 01
01 001101
1 001111
00101 01
1 00110001000
000110 01
1 001100000
01 01
1 00100011110100
01 01
1 00100011001001
001110100101 01
00101 01
1 00000
0001110111 01
001111 01
01 01
1 001111
00011110000 01
00001000 01
1 00000
00001011010 01
1 00010
001110111101 01
00101 01
1 00000
00100100000 01
1 00010
00100010010 01
1 00010
00100010010 01
1 00010
001110111101 01
1 00010
001110111101 01
1 00010
00100010010 01
1 00010
00100100000 01
1 00010
00001010111 01
00101 01
1 00000
00011110010 01
1 00010
00001011100 01
00101 01
1 00000
00100101111 01
00101 01
1 00000
00110010000 01
000110 01
1 00000
0001110110 01
000110 01
1 00000
000010011 01
00101 01
1 00000
0011101000 01
1 00010
0011101000 01
1 00010
0010001010 01
000010100 01
000111101 01
0010011 01
1 000011
0011100000 01
01 01
1 00000
0001110101 01
1 00010
0011101010 01
00101 01
1 00000
00001011011 01
00101 01
1 00000
00011110000 01
00101 01
1 00000
001100011010 01
00101 01
1 00000
00100010010 01
0010000 01
1 00000
00001010111 01
001101 01
1 00000
00001011010 01
1 00010
00111011111 01
000111101 01
000110 01
1 001111
0001110110 01
00000 01
00101 01
1 001111
00001011010 01
0011101110 01
01 01
1 001111
0001110111 01
01 01
1 00000
0011101010 01
00101 01
1 00000
0011100000 01
01 01
1 00000
001110010110 01
00000 01
00101 01
000110 01
1 000011
00100101101 01
00101 01
1 00000
0011000011 01
001111 01
1 00000
0010001011 01
001110110 01
1 00000
001100100100 01
1 00010
00100101100 01
00101 01
1 00000
00110001000 01
1 00010
00100011101 01
1 00010
00100011101 01
1 00010
00100101100 01
1 00010
00100101100 01
1 00010
00100011101 01
1 00010
00110001000 01
1 00010
00001011101 01
1 00010
000111000011 01
1 00010
00111000111 01
00101 01
1 00000
00111010110111 01
00101 01
1 00000
00111010111111 01
00101 01
1 00000
0010010000110 01
00101 01
1 00000
001000110011100 01
1 00010
00100011111000 01
1 00010
00100011111000 01
1 00010
00100010000000 01
0010010001 01
001100101 01
001101 01
1 000011
0011101110 01
01 01
1 00000
001110011 01
1 00010
0011000101 01
00101 01
1 00000
0010001011 01
00101 01
1 00000
00110001100 01
00101 01
1 00000
0001110001 01
00101 01
1 00000
00110001000 01
000110 01
1 00000
001110111100 01
001101 01
1 00000
001100100100 01
1 00010
00100010001110 01
001001001 01
00101 01
1 001111
0010010000110 01
000011 01
1 00000
0010010000111 01
001110011 01
1 00000
0011000011 01
01 01
1 00000
0011000101 01
00101 01
1 00000
0011101110 01
01 01
1 00000
001111 001101
1 01
00101 01
1 0010010001
01 01
1 00111010111100
00101 01
01 01
1 0000100101
01 01
1 00010
001101 01
1 00010
0010011 01
1 00010
001101 01
1 00010
01 01
1 001100000
00101 01
1 001100000
01 01
1 00010
01 01
1 00010
01 01
1 0001110100
00011111 01
1 00010
000110 01
1 00010
00011111 01
01 01
1 00000
00001000 01
1 00010
00001000 01
1 00010
001001001 01
1 00010
00001000 01
1 00010
001001001 01
1 00010
00001000 01
1 00010
00001000 01
1 00010
001001001 01
1 00010
00001000 01
1 00010
001001010 01
1 00010
001001010 01
1 00010
000111101 01
1 00010
000111001 01
1 00010
0011100001 01
1 00010
0011100010 01
1 00010
0011000111 01
1 00010
0000101010 01
1 00010
0000101010 01
1 00010
0011100010 01
00101 01
01 01
00101 01
1 000011
000110 01
1 00010
000110 01
1 00010
00101 01
1 00010
000110 01
1 00010
000110 01
1 00010
00011111 01
1 00010
00001000 01
01 01
1 00000
001001010 01
1 00010
00001000 01
1 00010
000010011 01
001101 01
1 00000
000010011 01
00101 01
1 00000
001110110 01
00101 01
1 00000
000110 01
1 00010
0010000 01
1 00010
000110 01
1 00010
000110 01
00101 01
1 001000100010110
001101 01
1 00010
01 01
1 00010
01 01
1 00010
0010011 01
1 00010
0010011 01
1 00010
0010011 01
1 00010
0010011 01
1 00010
0010011 01
1 00010
0010011 01
1 00010
0010011 01
1 00010
0010011 01
1 00010
0010011 01
1 00010
0010011 01
1 00010
000011 01
1 00010
000011 01
1 00010
000011 01
1 00010
001111 01
1 00010
00000 01
1 00010
00000 01
1 00010
00010 01
1 00010
00010 01
1 00010
00000 01
1 00010
01 01
1 00010
01 01
1 001100000
01 01
1 00010
01 01
1 00010
01 01
1 00010
0010011 01
1 00010
0010011 01
1 00010
0010011 01
1 00010
001111 01
1 00010
001111 01
1 00010
001101 01
1 001100000
01 01
1 00010
01 01
1 001000110110010
00101 01
1 001100000
00101 01
1 0001110100
00101 01
1 00010
00101 01
1 00010
00101 01
1 00010
00101 01
1 00010
00101 01
1 00010
00101 01
1 00010
00101 01
1 00010
00101 01
1 00010
000110 01
1 00010
000110 01
1 00010
00101 01
1 000010101100
00101 01
1 00010
00101 01
1 00010
00101 01
1 00010
00101 01
1 000111100111
