-48 1
1 1
-1 1
0 5
-54 1
2 1
0 6
-49 1
-11 1
5 1
-1 1
0 4
-38 1
6 1
-2 1
1 1
0 4
-47 1
-5 1
4 1
0 5
-39 1
5 1
0 6
-52 1
8 1
0 6
-44 1
-10 1
-7 1
-1 1
0 1
1 1
0 2
-21 1
-13 1
-1 2
0 4
2 1
-13 1
3 1
0 5
18 1
2 1
1 1
0 5
13 1
0 7
16 1
0 7
15 1
0 7
17 1
-1 1
0 6
19 1
0 7
22 1
0 7
9 1
13 1
-1 1
0 5
-23 1
6 1
2 1
3 1
0 4
-30 1
-4 1
1 1
-1 1
0 4
-14 1
-1 2
0 5
-9 1
-4 1
1 1
0 5
-1 1
-2 1
1 1
0 5
6 1
-6 1
-1 1
1 1
0 4
-25 1
30 1
1 1
0 5
-57 1
0 7
-56 1
0 7
-56 1
0 7
-57 1
0 7
-55 1
0 7
-43 1
-19 1
7 1
0 5
-11 1
0 1
-1 1
0 5
-6 2
0 14
-1 1
0 7
-3 1
0 7
-4 1
0 7
-34 1
38 1
0 1
-9 1
0 1
2 1
0 1
-1 1
7 1
-2 2
0 5
1 1
0 7
-5 1
4 1
0 6
10 1
-1 1
0 2
-1 1
0 3
-7 1
7 1
1 1
0 5
-2 1
0 2
-2 1
0 4
5 1
6 1
1 1
-1 1
0 4
-7 1
4 1
-2 1
4 1
0 4
-14 1
-16 1
1 2
0 4
-14 1
4 2
0 5
2 1
-2 1
0 8
1 1
0 5
3 1
0 7
3 1
0 15
1 1
0 7
1 1
0 7
22 1
-12 1
-2 1
0 5
23 1
17 1
-4 1
-1 1
0 4
1 1
-1 1
2 1
-1 1
0 4
-8 1
6 1
0 6
-11 1
-2 1
0 6
-2 1
0 1
-1 1
0 5
-7 1
-1 1
3 1
-1 1
0 4
26 1
4 1
-8 1
-1 1
0 44
-7 1
4 1
2 1
-1 1
0 12
-2 1
-1 1
0 47
-4 1
0 6
1 1
2 1
0 8
-1 1
1 1
0 4
-1 1
-2 1
1 1
0 5
2 1
1 1
-2 1
1 1
0 6
-5 1
0 5
2 1
-1 1
-2 1
0 5
2 1
-2 1
1 1
0 5
-6 1
0 1
8 1
0 6
8 1
1 1
0 5
-1 2
0 54
-8 1
1 1
3 1
0 5
10 1
-2 1
0 6
1 1
2 1
0 6
-3 1
2 1
0 6
-5 1
0 8
-1 1
0 7
4 1
-2 1
0 6
-10 1
-4 1
0 45
1 1
0 63
-1 2
1 1
0 29
1 1
0 1
1 1
0 5
-1 1
0 15
-4 1
2 1
0 7
4 1
0 1
-1 1
0 6
-1 1
0 61
2 2
-1 1
0 6
-3 1
-1 1
0 21
-2 1
0 7
-1 1
0 7
1 1
-1 1
0 6
1 1
-1 1
0 1
1 1
0 1324
-48 1
-6 1
-3 1
2 1
0 4
-57 1
1 2
0 5
-46 1
-1 1
-4 1
0 1
-1 1
0 3
-54 1
-1 1
0 6
-45 1
-1 1
1 1
-4 1
0 4
-43 1
10 1
7 1
-2 1
1 1
0 3
-40 1
11 1
3 1
-1 1
0 4
-18 1
-10 1
-5 1
-3 1
-1 1
0 3
6 1
-14 1
0 1
-1 1
0 4
22 1
2 1
0 6
15 1
3 1
0 6
12 1
0 7
10 1
2 1
0 6
11 1
0 7
17 1
-3 1
-2 1
0 5
16 1
2 1
0 6
5 1
16 1
-9 1
3 1
-1 1
0 3
-44 1
0 1
6 1
0 5
-36 1
-3 1
5 1
-1 1
0 4
-25 1
0 7
-17 1
-11 1
-3 1
1 1
0 4
-1 1
-4 1
-1 1
0 5
4 2
-4 1
0 5
-33 1
18 1
0 1
2 1
0 4
-58 1
0 7
-56 1
0 7
-56 1
0 7
-57 1
0 7
-56 1
-1 1
0 6
-55 1
0 1
1 1
0 5
-26 1
-15 1
-5 1
0 5
-13 1
-4 1
3 1
0 5
-1 2
0 6
-1 1
0 15
-2 1
0 7
-3 1
0 7
-34 1
38 1
0 1
-9 1
0 1
2 1
0 1
-1 1
-5 1
1 1
5 1
-2 1
0 5
1 1
0 6
2 1
-6 1
0 1
1 1
0 5
1 1
0 6
5 1
0 1
-3 1
0 5
3 1
4 1
-7 1
0 5
-8 1
1 1
-10 1
-2 1
0 4
1 1
-4 1
-9 1
1 1
-1 1
0 3
-17 1
-5 1
3 1
0 5
1 1
0 23
2 1
0 7
-1 1
0 15
2 1
0 7
4 1
-1 1
0 6
-2 1
2 2
0 5
3 1
-1 1
6 1
-1 1
0 5
2 1
3 2
0 4
3 1
1 1
-2 1
-1 1
0 4
-1 1
3 1
0 6
4 1
-12 1
4 1
0 5
28 1
11 1
-3 1
0 6
1 1
0 6
-1 1
0 31
-1 1
1 1
0 6
-4 1
-5 1
1 1
0 5
1 1
3 1
-1 1
0 5
-1 2
0 47
2 1
-1 1
0 13
1 1
-1 1
0 15
-2 1
0 6
2 1
0 8
-9 1
-2 1
1 1
0 4
-1 1
-8 1
1 1
0 5
-1 1
4 1
3 1
0 46
1 1
0 6
-1 1
0 7
7 1
-5 1
1 1
0 5
3 1
0 1
4 1
0 6
-4 1
2 1
1 1
0 4
-2 1
-1 1
-2 1
0 5
1 1
0 7
1 1
0 7
-6 1
7 1
0 6
6 1
-4 1
-5 1
0 165
-2 1
0 1
1 1
0 5
-1 1
0 1
1 1
0 6
2 1
0 63
-1 1
0 6
1 2
-1 1
0 6
-1 2
0 8
-1 1
0 20
2 1
0 1
-1 1
0 5
1 1
-3 1
-1 1
0 254
1 1
0 1078
-45 1
0 1
-11 1
0 5
-54 1
0 7
-54 1
0 1
1 1
0 5
-50 1
-3 1
0 6
-47 1
-5 1
7 1
-2 1
0 4
-41 1
-5 1
11 1
0 5
-23 1
-9 1
-7 1
2 1
0 4
-3 1
-16 1
-1 1
-3 1
0 4
15 1
0 7
15 1
4 1
0 6
9 1
0 7
10 1
0 7
9 1
0 7
14 1
-1 1
0 6
17 1
0 7
18 1
-2 1
0 6
16 1
8 1
-4 1
1 1
-1 1
0 3
-32 1
16 1
5 1
0 5
-37 1
-4 1
0 2
-1 1
0 3
-32 1
-10 1
3 1
0 5
-18 1
-4 1
3 1
0 5
-11 1
8 1
-4 1
1 1
-1 1
0 3
-49 1
11 1
2 1
0 5
-58 1
0 7
-56 1
-1 1
0 6
-56 1
0 7
-56 1
0 7
-57 1
0 7
-55 1
-1 1
0 6
-47 1
-12 1
5 1
-1 1
0 4
-21 1
0 1
-1 1
0 5
-9 1
-12 1
-1 1
0 29
-1 1
0 7
-2 1
0 7
-34 1
39 1
0 1
-9 1
0 1
2 1
0 1
-1 1
2 1
0 1
-3 1
0 5
-1 2
0 6
3 1
1 1
0 6
1 1
0 7
1 1
0 1
1 1
0 5
1 1
0 1
4 1
0 5
4 1
1 1
0 1
1 1
0 4
-9 1
-6 1
0 2
1 1
0 3
5 1
0 7
4 1
0 7
3 1
2 1
0 6
2 1
0 7
-1 1
0 7
1 2
0 6
-3 1
0 7
-3 1
-1 1
0 6
-4 1
2 1
-1 1
0 5
-6 1
-5 1
0 6
5 2
-3 1
0 5
8 1
0 1
-5 1
2 1
0 4
-1 2
0 6
19 1
-9 1
-2 1
0 5
12 1
9 1
0 14
-1 1
0 39
-5 1
3 1
0 7
-1 2
0 5
-3 1
0 56
-1 1
1 1
0 6
1 1
0 7
1 1
0 6
-5 1
2 1
0 6
-6 1
-1 1
0 6
-1 1
0 8
-1 1
1 1
0 5
-5 1
-1 1
2 1
0 46
-1 1
0 6
1 2
0 6
-1 1
0 7
-1 1
0 8
1 1
0 7
2 1
5 1
-1 1
0 5
4 1
-1 2
0 13
-4 1
2 1
0 5
6 1
3 1
0 56
-1 1
0 15
1 1
0 77
-2 1
0 32
1 2
0 85
-1 1
0 1
1 1
2 1
0 4
-1 2
0 14
-2 1
0 7
2 1
0 151
1 1
0 7
1 1
0 15
-1 1
0 95
-1 1
0 31
1 1
0 1039
-47 1
-6 1
10 1
0 5
-44 1
14 1
0 1
-1 1
0 4
-57 1
0 7
-57 1
0 7
-47 1
-12 1
0 6
-29 1
-7 1
5 1
0 5
-10 1
-14 1
-1 1
-3 1
2 1
1 1
0 2
10 1
-3 1
0 6
15 1
1 1
-2 1
0 5
4 1
3 1
2 1
0 5
7 1
-5 1
0 6
6 1
5 1
0 6
8 1
-3 1
0 6
20 1
-4 1
-1 1
0 5
25 1
1 1
0 6
24 1
0 7
21 1
4 1
-1 1
1 1
0 4
-18 1
25 1
1 1
0 5
-51 1
5 1
1 1
0 5
-47 1
-1 1
-2 1
-1 1
0 4
-20 1
-9 1
-4 1
-3 1
0 4
-29 1
21 1
-1 1
0 5
-57 1
2 1
1 1
0 5
-57 1
-1 1
0 6
-55 1
0 7
-55 1
0 7
-56 1
0 7
-57 1
-1 1
0 6
-55 1
0 7
-30 1
-17 1
-4 1
0 5
-20 1
-2 1
3 1
0 5
-5 1
-4 1
-1 1
0 21
-1 1
0 7
-2 1
0 7
-2 1
0 7
-33 1
39 1
0 1
-9 1
0 1
2 1
0 1
-1 1
3 1
-3 1
-1 1
1 1
0 4
-7 1
-1 1
4 1
1 1
0 12
1 1
0 7
-10 1
5 1
4 1
-1 1
0 4
-10 1
8 1
-2 1
-1 1
0 4
-12 1
0 1
-2 1
-1 1
0 4
-5 1
-1 1
0 6
-1 1
-3 1
0 6
3 1
0 15
2 1
-1 2
0 5
-1 1
3 1
0 6
-4 1
-2 1
0 6
-1 1
0 7
-1 1
0 7
-2 1
0 7
-4 1
0 1
1 1
0 13
4 1
3 1
1 1
-1 1
0 4
3 3
2 1
0 4
1 1
-2 1
0 1
1 1
0 5
1 1
0 54
-7 1
-3 1
2 1
0 5
-2 1
2 1
0 7
-2 1
0 55
2 1
0 6
1 1
-3 1
-2 1
0 21
3 1
1 1
-3 1
0 5
2 1
-4 1
-3 1
0 5
-3 1
-1 1
0 1
1 1
0 4
-1 1
-2 1
0 31
-1 1
0 6
1 1
0 7
-2 1
0 49
2 1
0 6
-1 1
0 6
-1 1
0 1
1 1
0 62
1 1
0 14
-1 1
0 64
1 1
0 22
-1 1
0 7
-2 1
-1 1
1 1
0 5
-1 1
1 1
0 6
-1 1
0 295
-1 1
0 1167
-49 1
7 1
3 1
2 1
0 4
-40 1
0 1
-19 1
-1 1
1 1
0 3
-55 1
4 1
0 6
-47 1
-17 1
5 1
0 5
-16 1
-6 1
1 1
0 5
1 1
0 1
-1 2
0 4
-3 1
-8 1
11 1
2 1
0 4
13 1
-8 1
0 1
2 1
0 4
10 1
5 1
0 6
3 1
0 1
1 1
0 5
3 2
-1 1
0 5
3 1
-4 1
1 1
0 5
15 1
-4 1
0 6
24 1
-1 2
0 5
28 1
0 7
30 1
-1 1
0 6
30 1
2 1
-1 1
0 5
-1 1
25 1
-4 1
1 1
0 4
-48 1
8 1
0 6
-56 1
-4 1
1 1
0 5
-28 1
-24 1
-3 1
1 1
0 4
-30 1
30 1
0 1
-2 1
0 4
-57 1
0 7
-56 1
0 7
-55 1
0 7
-55 1
0 7
-57 1
0 7
-56 1
0 7
-50 1
-11 1
6 1
-1 1
0 4
-18 1
-1 1
-4 1
0 5
-12 1
-8 1
-1 1
0 5
-8 1
0 7
-8 1
0 7
-4 1
-2 1
0 6
-2 1
0 7
-3 1
0 7
-2 1
0 7
-33 1
40 1
0 1
-9 1
0 1
2 1
0 1
-1 1
-4 1
0 1
2 1
0 5
4 1
2 1
1 1
-3 1
0 4
5 1
4 1
0 6
-13 1
10 1
1 1
-2 1
0 4
-7 1
8 1
-4 1
-2 1
0 4
-5 2
-3 1
-1 1
0 5
-3 1
0 6
1 1
2 1
1 1
0 5
2 1
1 1
-1 1
0 5
-3 1
0 7
7 1
-2 1
-3 1
0 5
-2 1
0 7
-2 1
-1 1
0 22
-1 1
0 7
-1 1
1 1
0 6
-7 1
1 1
0 6
-2 1
0 7
1 1
0 7
5 1
1 1
-5 1
-2 1
1 1
0 3
-2 1
0 55
-4 1
4 1
-1 1
0 5
-1 1
-3 1
-1 1
0 5
-4 1
0 1
1 1
0 13
2 1
-1 1
0 6
4 1
0 7
2 1
1 1
0 30
2 1
0 1
-1 1
0 5
1 1
-3 1
1 2
0 4
2 2
0 6
1 2
-5 1
1 1
0 5
-3 1
-6 1
0 5
-3 1
-4 1
-1 1
0 5
1 1
-2 1
0 6
1 1
0 24
-4 1
1 1
0 6
1 1
0 14
-1 1
0 55
-1 1
1 1
0 1
-1 1
0 140
-1 2
0 6
1 1
0 16
-1 1
1 1
0 5
-1 1
-2 1
0 6
-2 1
-1 1
0 39
1 1
0 1438
-43 1
1 1
-3 1
1 1
0 4
-40 1
-16 1
-2 1
7 1
-2 1
0 3
-50 1
-12 1
7 1
1 1
0 4
-18 1
-7 1
0 1
-1 1
0 4
5 1
-6 1
-1 1
-2 1
0 4
13 1
2 1
1 1
0 5
-2 1
1 1
11 1
1 1
0 4
16 1
-7 1
-5 1
0 5
4 1
3 1
4 1
1 1
0 4
-2 1
2 1
0 6
-1 1
-3 1
0 6
7 1
-4 1
1 1
0 5
19 1
-3 1
0 6
25 1
-1 1
0 6
28 1
0 1
-1 1
0 5
31 1
-2 1
0 6
33 1
0 7
12 1
20 1
-5 1
1 1
0 4
-41 1
11 1
3 1
1 1
0 4
-58 1
0 1
2 1
0 5
-40 1
-22 1
12 1
-5 1
0 4
-25 1
27 1
-1 1
-2 1
-1 1
0 3
-57 1
0 7
-55 1
-1 1
0 6
-55 1
0 7
-56 1
1 1
0 6
-57 1
0 7
-56 1
1 1
0 6
-36 1
-22 1
0 6
-15 1
0 1
2 1
-1 1
0 4
-3 1
-2 1
-3 1
0 5
-4 1
1 1
0 6
-8 1
0 7
-9 1
0 7
-8 1
0 7
-10 1
0 7
-8 1
-1 1
0 6
-35 1
37 1
0 1
-9 1
0 1
2 1
0 1
-1 1
6 1
0 1
-1 1
0 1
-1 1
0 3
1 1
4 1
-5 1
2 1
0 4
-12 1
10 1
-1 2
0 4
-5 1
1 1
-6 1
-1 1
0 4
-2 1
-1 1
-2 1
-1 1
0 4
-4 1
0 7
2 1
0 1
-1 1
1 1
0 5
-3 1
2 1
0 5
4 1
0 7
3 1
2 1
0 6
-4 1
0 47
-1 1
0 7
-5 1
1 1
0 6
-3 1
-1 2
0 13
5 1
-2 1
0 1
1 1
-2 1
0 3
-2 1
1 1
0 14
-1 1
0 39
-8 1
0 1
4 1
0 6
2 1
-1 1
0 5
-2 1
-1 1
0 6
-2 1
0 7
-2 1
0 7
-1 1
0 15
2 1
0 7
4 1
0 7
1 1
2 1
0 8
-2 1
1 1
0 4
-6 1
0 1
1 1
-1 1
0 4
2 1
0 1
-2 1
1 1
0 5
-5 2
0 5
-2 1
-3 1
-2 1
0 14
-2 1
0 7
2 1
0 6
-1 1
0 7
2 1
0 1
-1 1
0 88
1 1
0 4
1 1
0 95
1 1
0 15
1 1
0 24
1 1
0 6
-1 1
0 1
-1 1
0 6
-1 1
1 1
0 6
-2 1
1 1
0 5
-1 1
0 279
1 2
0 1206
-50 1
-2 1
-7 1
3 1
0 4
-52 1
-12 1
9 1
-2 1
0 4
-22 1
-8 1
1 1
0 5
-1 1
-4 1
-2 1
-1 1
0 4
2 1
-5 1
3 1
0 5
18 1
1 1
0 6
5 1
3 1
10 1
-1 1
0 4
3 1
8 1
0 6
-3 1
-1 1
0 7
-1 1
0 6
6 1
-1 2
0 5
9 1
0 7
16 1
-4 1
0 6
24 1
0 7
25 1
-1 1
0 6
29 1
-1 1
0 6
32 1
-1 1
0 6
22 1
12 1
-5 1
1 1
0 4
-32 1
19 1
7 1
1 1
0 4
-56 1
4 1
2 1
0 5
-51 1
-9 1
1 1
-1 1
1 1
-1 1
0 2
-20 1
23 1
-13 1
-3 1
0 4
-56 1
0 7
-55 1
0 7
-55 1
0 7
-56 1
0 7
-56 1
-1 1
0 6
-55 1
-2 1
3 1
-1 1
0 4
-21 1
-7 1
-6 1
0 5
-12 1
-8 1
2 1
0 5
-1 1
1 1
-1 1
0 5
-3 1
0 7
-3 1
-1 1
0 6
-2 1
0 7
-4 1
1 1
0 6
-9 1
1 1
0 6
-11 1
0 7
-38 1
33 1
0 1
-7 1
0 1
2 1
0 1
-1 1
0 1
-1 1
0 1
2 1
0 4
-1 1
1 1
0 6
-2 1
3 1
-7 1
1 1
0 4
-6 1
-4 1
-2 1
0 5
1 1
-1 2
0 5
-1 1
0 7
-8 1
1 1
4 1
-1 1
0 4
9 1
0 1
-3 1
0 5
-1 1
2 1
0 6
-2 1
0 7
-2 1
0 8
-1 1
0 6
2 1
0 7
1 1
0 7
1 1
0 7
1 1
0 15
-2 1
2 1
0 6
-3 1
-2 1
0 14
2 1
-2 1
0 2
1 1
0 3
-3 1
3 1
2 1
0 45
-1 1
3 1
-1 1
0 5
-3 1
-5 1
0 6
-1 1
1 1
2 1
0 29
-2 1
0 7
-2 1
0 7
-1 1
0 23
-2 1
2 1
1 1
-1 1
0 4
4 1
-5 1
2 1
0 5
1 1
-5 1
1 1
3 1
0 5
-3 1
-1 1
0 5
1 1
0 15
-1 1
0 7
-1 1
0 167
-1 2
0 78
-1 1
0 15
-2 1
-1 1
1 1
0 5
-1 1
0 1
1 2
0 21
-1 1
0 6
1 1
0 1463
-52 1
3 1
2 1
0 5
-29 1
-11 1
-4 1
-1 1
0 4
-1 1
-12 1
-5 1
0 5
11 1
0 1
-7 1
1 1
0 4
1 1
-8 1
5 1
0 5
18 1
2 1
-4 1
0 5
-8 1
13 1
1 2
0 4
-28 1
-1 1
1 1
0 5
-26 1
0 7
-16 1
-8 1
0 6
2 1
-7 1
0 6
8 1
0 7
9 1
-1 1
0 6
19 1
-3 1
-2 1
0 5
19 1
0 1
2 1
0 5
23 1
-1 1
0 6
24 1
0 1
-2 1
0 5
4 1
13 1
-1 1
0 5
-38 1
16 1
3 1
0 5
-57 1
2 1
0 6
-55 1
-5 1
0 1
1 1
0 4
-15 1
4 1
-25 1
-4 1
-1 1
0 3
-54 1
2 2
0 5
-56 1
0 7
-55 1
1 1
0 6
-57 1
0 7
-56 1
0 7
-44 1
-18 1
5 1
0 5
-18 1
1 1
0 1
-1 1
0 4
-7 2
-2 1
0 5
-4 1
0 7
-4 1
0 7
-5 1
0 7
-3 1
-1 1
0 6
-3 1
0 7
-6 1
0 7
-8 1
0 7
-36 1
35 1
0 1
-8 1
0 1
2 1
0 1
-1 1
2 1
1 1
-3 1
0 1
-1 1
0 3
-9 1
-10 1
-3 1
5 1
0 4
-9 1
-8 1
-3 1
1 1
0 4
-4 2
2 1
0 5
-2 1
3 1
1 1
0 5
1 1
-3 1
2 1
0 5
15 1
5 1
-3 1
0 5
-5 1
-3 1
2 1
0 5
15 1
-6 1
0 6
22 1
1 1
0 6
9 1
5 1
0 14
2 1
0 7
1 1
0 7
2 1
0 7
3 1
0 7
7 1
-3 1
1 1
0 5
21 1
-1 2
0 5
9 1
6 1
1 1
0 13
1 1
0 8
8 1
0 1
1 1
0 6
-1 1
0 37
-4 1
2 1
1 1
0 6
-1 2
0 5
-2 1
-1 1
0 6
1 1
0 7
1 1
0 7
1 1
0 7
1 1
0 7
1 2
0 14
-1 1
0 16
-2 1
0 1
-1 1
0 4
1 1
-2 1
7 1
1 1
0 5
-1 1
2 2
0 4
-1 1
1 1
0 6
1 1
0 7
-2 1
3 1
-1 1
0 5
5 1
-11 1
-1 1
0 5
10 1
2 1
0 6
4 1
2 1
0 6
-3 1
2 1
0 6
-4 1
-2 1
0 46
-2 1
1 1
0 6
-4 1
-1 1
0 30
-1 1
0 135
-1 1
0 7
-1 1
1 1
0 1
-1 1
0 5
1 2
0 22
-1 1
0 6
-1 2
2 1
0 5
1 1
2 1
0 6
-1 1
0 7
1 1
0 7
1 1
0 47
2 1
0 7
2 1
0 231
1 1
0 1151
-39 1
-20 1
0 6
-3 1
-11 1
-1 1
0 5
13 1
-9 1
0 6
11 1
14 1
1 1
0 5
9 1
1 1
-8 1
0 5
-20 1
12 1
3 1
0 5
-26 1
-3 1
0 6
-26 1
-4 1
10 1
0 5
-27 1
9 1
4 1
1 1
0 4
-40 1
1 1
-1 1
0 5
-37 1
-6 1
3 1
0 5
-8 2
-3 1
0 5
2 1
-3 1
1 1
0 5
16 1
-4 1
-1 1
0 5
16 1
1 2
0 5
4 1
10 1
-1 1
1 1
0 4
-26 1
10 1
0 6
-41 1
0 1
2 1
1 1
0 4
-42 1
4 1
0 6
-53 1
5 1
0 6
-57 1
-3 1
1 1
0 5
-18 1
-8 1
-27 1
-5 1
0 4
-51 1
9 1
5 1
1 1
0 4
-54 1
0 7
-55 1
1 1
0 6
-56 1
0 7
-55 1
0 7
-31 1
-19 1
-4 1
0 5
-17 1
-4 1
4 1
0 5
-4 1
-1 2
0 5
-5 1
1 1
0 6
-6 1
0 7
-6 1
0 7
-6 1
0 7
-5 1
0 7
-7 1
1 1
0 6
-7 1
0 7
-35 1
36 1
0 1
-8 1
0 1
2 1
0 1
-1 1
-8 1
-1 1
10 1
-1 1
0 4
-6 1
-4 1
8 1
3 1
0 4
-6 1
1 1
0 6
1 1
2 1
-2 1
0 5
5 1
-15 1
3 1
0 5
20 1
11 1
0 6
14 1
-3 1
0 6
18 1
0 1
-2 1
2 1
0 4
9 1
2 1
-1 1
0 5
-6 1
1 1
2 1
1 1
0 4
-1 1
-6 1
1 1
0 5
9 1
2 1
-1 1
0 5
4 1
0 8
1 1
0 14
10 1
-6 1
0 6
11 1
4 1
0 6
1 1
0 7
2 1
0 23
1 1
0 2
-1 2
0 3
-2 2
0 38
-5 1
-2 1
2 1
1 1
0 4
-1 1
2 1
0 7
-1 1
0 38
1 1
0 32
4 1
0 1
-2 1
0 5
4 1
5 1
-1 1
0 5
1 1
0 7
-2 1
-1 1
0 5
-6 1
5 1
0 1
-1 1
0 4
2 1
1 1
-3 1
0 5
-3 1
0 7
-2 1
1 1
-3 1
0 5
-7 1
0 7
-1 1
-2 1
0 6
5 1
-2 1
0 6
1 1
2 1
1 1
0 31
1 1
0 5
6 1
1 1
-2 1
0 5
-5 1
3 1
0 6
-6 1
-3 1
0 158
-1 1
0 1
-1 1
0 5
-1 1
0 2
-1 1
0 20
1 1
0 1
-1 1
0 6
-1 2
0 5
1 1
0 31
1 1
0 47
4 1
-2 1
0 6
2 1
1 1
0 6
-1 1
0 223
-1 1
0 15
1 1
0 55
1 1
0 1079
-11 1
-15 1
3 1
0 5
7 1
-2 1
1 1
0 5
21 1
-1 1
-5 1
0 5
6 1
14 1
-4 1
0 5
-39 1
14 1
6 1
0 5
-52 1
1 1
0 6
-54 1
1 1
0 6
-50 1
-6 1
4 1
-2 1
0 4
-38 1
13 1
-1 1
0 5
-48 1
-8 1
3 1
0 5
-25 1
-2 1
-3 1
0 5
-19 1
-6 1
0 6
-5 2
0 6
18 1
-9 1
-2 1
0 5
13 1
18 1
-7 1
0 5
-38 1
14 1
3 1
0 5
-50 1
-3 1
1 1
-1 1
1 1
0 3
-51 1
6 1
2 1
0 5
-55 1
-1 1
0 6
-55 1
3 1
0 6
-57 1
-4 1
2 1
0 5
-19 1
-16 1
-27 1
1 1
0 4
-48 1
10 1
2 1
0 5
-54 1
0 7
-57 1
0 7
-56 1
0 7
-55 1
-3 1
3 1
-1 1
0 4
-20 1
-5 1
-6 1
-2 1
0 4
-12 1
-7 1
0 6
-5 1
0 7
-7 1
0 7
-8 1
0 7
-8 1
0 7
-7 1
0 7
-7 1
0 7
-8 1
0 7
-8 1
0 7
-36 1
36 1
0 1
-8 1
0 1
2 1
0 1
-1 1
-7 1
5 1
1 1
-6 1
0 5
2 1
1 2
0 5
-2 1
0 6
9 1
-13 1
5 1
0 5
14 1
11 1
4 1
0 5
3 1
1 1
0 6
1 1
0 7
-7 1
7 1
-2 1
1 1
0 4
-23 1
-11 1
1 1
0 5
9 1
-5 1
0 6
3 1
4 1
3 1
1 1
0 4
1 1
0 7
1 1
0 7
-2 1
2 1
0 6
8 1
-11 1
2 1
0 5
21 1
7 1
0 6
-2 1
7 1
0 1
1 1
-1 1
0 3
-6 2
-1 1
0 5
1 1
0 7
1 2
0 15
2 1
-1 2
0 4
1 1
3 1
1 1
0 29
-2 1
2 1
-1 1
0 5
-2 1
-3 1
-1 1
0 5
-3 1
0 1
1 1
0 77
-3 1
0 1
-7 1
-1 1
0 5
1 1
0 14
-4 1
5 1
1 1
-1 1
0 4
5 1
4 1
0 1
-1 1
0 4
1 1
0 7
1 1
0 7
4 1
-3 1
1 1
-1 1
0 4
11 1
2 1
-1 1
0 5
2 1
1 1
-1 1
0 5
-2 1
-1 1
0 30
-3 1
2 1
0 6
4 1
-2 1
-1 1
0 5
5 1
-1 1
0 6
3 2
0 166
-2 1
0 2
1 1
0 22
-2 1
0 5
1 1
0 1
-1 1
0 21
-2 1
0 7
-3 1
1 2
0 6
1 1
0 39
-1 1
0 7
-1 1
0 7
1 1
0 6
-1 2
0 231
-1 1
0 62
1 1
0 1088
-4 1
-5 1
-2 1
0 4
17 1
-7 1
-1 1
0 5
15 1
13 1
-4 1
0 5
-28 1
11 1
6 1
1 1
0 4
-43 1
6 1
-1 1
0 5
-45 1
-10 1
4 1
0 5
-45 1
5 1
0 6
-30 1
-25 1
9 1
-5 1
1 1
0 3
25 1
6 1
-3 1
1 1
-1 1
0 3
-29 1
13 1
14 1
1 1
0 4
-34 1
-3 1
0 6
-25 1
-6 1
0 6
-7 1
-11 1
1 1
0 5
28 1
-10 1
-5 1
0 5
-19 1
30 1
15 1
1 1
0 4
-47 1
2 2
1 1
0 4
-38 1
-19 1
10 1
-4 1
2 1
-1 1
0 2
-29 1
27 1
2 1
0 5
-56 1
0 7
-56 1
0 7
-55 1
-4 1
0 1
1 1
0 4
-20 1
-26 1
-21 1
2 1
0 1
1 1
0 2
-45 1
5 1
0 1
1 2
0 3
-54 1
3 1
1 1
0 5
-57 1
0 7
-56 1
0 7
-43 1
-18 1
7 1
0 5
-15 1
1 1
0 6
-7 1
-2 2
0 5
-5 1
0 7
-8 1
0 7
-8 1
0 7
-9 1
0 7
-7 1
0 7
-8 1
0 7
-8 1
0 7
-9 1
0 7
-37 1
34 1
0 1
-8 1
0 1
2 1
0 1
-1 1
0 1
-2 1
-6 1
-2 1
0 4
-5 1
0 1
1 1
0 5
11 1
-10 1
3 1
0 5
3 1
15 1
3 1
0 5
-10 1
-1 1
1 1
0 5
-3 1
1 1
0 6
-6 1
-3 2
0 5
-13 1
10 1
-1 1
-3 1
1 1
0 3
-3 1
2 1
0 6
-10 1
-6 1
1 1
2 1
0 4
-1 1
-3 2
0 5
1 1
-1 1
0 7
1 1
0 6
-3 2
0 6
4 1
13 1
-4 1
-2 1
0 4
-9 1
-2 1
-3 1
-1 1
0 4
-2 1
0 1
-4 1
0 1
1 1
0 3
-2 1
0 23
-1 1
0 8
2 1
-1 1
0 7
-1 1
-2 1
0 28
-6 1
2 1
1 1
-1 1
0 6
-1 1
0 6
-1 1
0 62
1 1
0 16
-6 1
-1 1
0 1
1 1
0 3
1 1
2 1
0 6
-4 1
3 1
0 1
-1 1
0 4
3 2
0 6
3 1
0 1
-1 1
0 5
-2 1
2 1
0 6
-1 1
3 1
0 1
-1 1
0 4
5 1
-4 2
1 1
0 4
-4 1
2 1
-1 1
0 5
-2 1
-3 1
-4 1
0 5
2 1
0 2
-1 1
0 4
1 1
0 23
3 1
-1 1
-2 1
0 5
1 1
2 2
0 5
5 1
-4 1
-2 1
2 1
0 4
-1 1
0 72
1 1
0 94
-2 1
0 1
1 1
0 15
-1 1
0 5
1 1
0 1
-1 1
0 13
-1 1
0 9
2 1
0 6
-1 1
2 1
0 5
-1 1
1 1
0 6
-2 1
1 1
0 38
1 1
0 8
-1 1
0 7
1 1
0 230
2 1
0 1159
11 1
-10 1
0 6
14 1
16 1
-6 1
0 5
-24 1
3 1
5 1
0 5
-21 1
-2 1
0 6
-14 1
2 1
0 6
-26 1
2 2
1 1
0 4
-24 1
-1 2
1 1
0 4
-7 1
-9 1
-4 1
0 5
3 1
-1 1
0 1
2 1
0 4
-9 1
9 1
-3 1
1 1
0 4
-25 1
1 1
0 6
-23 1
-2 1
0 6
-7 1
-14 1
1 1
0 5
34 1
-4 1
-11 1
0 5
-12 1
12 1
6 1
2 1
0 4
-21 1
5 1
-4 1
0 5
-18 1
-3 1
-5 1
1 1
-1 1
0 3
-41 1
12 1
2 1
0 5
-52 1
1 1
-1 1
0 5
-56 1
2 1
0 6
-54 1
-3 1
-1 1
2 1
0 4
-22 1
-35 1
-10 1
4 1
0 1
1 1
0 2
-41 1
10 1
11 1
2 1
1 1
0 3
-54 1
2 1
0 6
-57 1
0 7
-55 1
1 1
0 6
-31 1
-20 1
-4 1
0 5
-15 1
-5 1
2 1
0 5
-5 1
0 7
-6 1
0 7
-8 1
1 1
0 6
-9 1
0 7
-8 1
0 7
-8 1
0 7
-9 1
0 7
-9 1
0 7
-13 1
0 7
-39 1
32 1
0 1
-7 1
0 1
2 1
0 1
-1 1
-6 1
0 7
15 1
-15 1
1 1
0 5
7 1
11 1
4 1
0 5
-4 1
0 7
-3 1
1 1
-1 1
0 5
-12 1
0 1
1 1
0 5
5 1
-2 1
0 1
-1 1
0 4
19 1
-8 1
0 6
21 1
8 1
-3 1
-1 1
0 4
-7 1
2 1
0 6
-1 1
0 1
-1 2
0 4
-1 1
0 7
1 1
0 8
1 1
0 6
-14 1
1 1
3 1
0 5
-2 1
0 2
-1 1
0 4
13 1
-10 1
0 6
10 1
8 1
1 1
0 5
-3 1
-1 1
0 15
-1 1
0 7
1 1
-2 1
0 5
-3 1
-2 2
1 1
0 28
-6 1
-3 1
1 2
0 5
2 1
0 62
1 1
0 7
1 1
0 15
-1 1
0 7
-5 1
2 1
1 1
-1 1
0 4
5 1
4 1
0 1
-1 1
0 12
-1 1
0 8
-2 1
0 7
2 1
-1 1
0 6
-1 2
0 5
-1 1
1 1
-1 1
0 5
-4 1
-1 1
0 38
-2 1
0 1
1 1
0 5
-5 1
6 1
1 1
0 5
-7 1
-5 1
1 1
0 5
1 1
0 177
-1 1
0 5
1 1
0 15
-1 1
0 8
-1 1
1 1
0 5
-3 1
2 1
0 6
-3 1
-1 1
0 7
-1 1
0 6
3 1
0 39
4 1
-1 1
0 7
3 1
0 6
-2 1
-1 1
0 231
-1 1
0 6
2 1
0 47
1 1
0 319
-1 1
0 783
14 1
11 1
-11 1
1 1
0 4
-34 1
5 1
8 1
0 5
-23 1
-6 1
-1 1
0 5
-10 1
-2 1
-1 1
0 5
-5 1
-1 1
0 6
-6 1
0 7
-11 1
1 1
-1 1
0 5
-8 1
-2 1
-1 1
0 5
-3 1
0 7
-5 1
3 1
-2 1
0 5
-20 1
0 1
2 1
1 1
0 4
-21 1
1 1
0 6
-11 1
-14 1
3 1
0 5
33 1
-12 1
-9 1
0 5
9 1
13 1
2 2
0 4
-14 1
6 1
0 6
-26 1
4 1
0 1
2 1
0 4
-39 1
1 2
0 5
-46 1
5 1
0 6
-55 1
1 1
2 1
0 5
-54 1
-1 1
-2 1
0 5
-24 1
-38 1
-2 1
1 2
0 3
-36 1
20 1
10 1
-2 1
0 4
-55 1
1 2
0 5
-56 1
-1 1
0 6
-54 1
-3 1
5 1
-1 1
0 4
-21 1
-3 1
-4 1
-1 1
0 4
-10 1
-7 1
-2 1
0 5
-6 1
0 7
-7 1
0 7
-8 1
0 7
-8 1
0 7
-8 1
0 7
-9 1
0 7
-10 1
0 7
-12 1
0 7
-15 1
1 1
0 6
-41 1
29 1
0 1
-7 1
0 1
1 1
0 1
-1 1
9 1
-19 1
4 1
0 5
8 1
15 1
4 1
0 5
-1 1
0 7
-2 1
1 1
0 6
-4 1
2 1
0 6
-6 1
0 7
-9 1
0 7
-11 1
0 7
-8 1
-2 1
0 6
-3 1
-2 1
1 1
0 5
-2 1
1 2
0 22
2 1
0 6
-7 1
1 1
0 6
-8 1
0 7
-4 1
0 1
-1 1
0 5
-6 1
-1 1
0 6
-1 1
0 31
-2 1
-1 1
0 22
-1 1
2 1
-1 1
0 5
-2 2
-1 1
0 5
-1 2
1 1
0 61
1 1
0 7
1 1
0 15
-5 1
3 1
1 1
-2 1
0 4
5 2
0 14
-1 1
0 15
1 1
-1 1
0 7
1 1
0 14
-1 1
0 7
-1 1
1 1
0 38
-1 1
0 7
-1 1
0 57
1 1
0 127
-1 1
1 1
0 4
1 1
0 39
-1 1
0 79
-1 1
0 1391
-36 1
19 1
11 1
0 5
-34 1
-8 1
-1 1
0 5
-21 1
-4 1
0 6
-10 1
-4 1
0 7
-4 1
0 6
5 1
-2 1
1 1
0 5
5 1
0 7
5 1
0 7
5 1
0 1
-1 1
0 5
-5 1
6 1
0 1
1 1
0 4
-14 1
0 1
-1 1
0 5
-20 1
1 1
0 1
1 1
0 4
-15 1
-9 1
3 1
0 5
32 1
-17 1
-6 1
0 5
16 1
14 1
4 1
1 1
0 4
-5 1
7 1
0 6
-20 1
4 1
0 6
-29 1
3 1
0 6
-44 1
8 1
0 1
1 1
0 4
-55 1
0 1
1 1
0 5
-52 1
0 1
-2 1
0 5
-28 1
-36 1
0 1
2 1
1 1
0 3
-31 1
30 1
4 1
-3 1
0 4
-56 1
0 1
1 2
0 4
-56 1
-1 2
0 5
-45 1
-17 1
7 1
0 5
-19 1
0 1
1 1
-1 1
0 4
-5 1
-1 1
-2 1
0 5
-6 1
0 7
-8 1
0 7
-9 1
0 7
-8 1
0 7
-10 1
0 7
-11 1
0 7
-12 1
0 7
-15 1
1 1
0 6
-16 1
-2 1
1 1
0 5
-32 1
40 1
-3 1
-12 1
0 1
2 1
0 1
-1 1
17 2
3 1
0 5
-1 1
0 31
-1 1
0 7
-2 1
0 7
-2 1
-1 1
0 6
-2 1
-1 1
0 14
-2 1
0 7
-1 1
0 8
-1 1
0 6
1 2
0 7
-2 1
0 22
-1 1
0 23
-1 1
0 1
1 1
0 5
1 1
0 7
-1 1
0 1
3 1
0 21
-4 1
3 1
1 1
-1 1
0 4
-1 1
0 1
-1 1
0 6
-1 1
0 38
1 1
0 31
-2 1
4 1
-1 1
0 5
-6 2
0 1
1 1
0 4
4 1
1 1
-3 1
-2 1
0 45
1 1
0 7
-1 1
0 63
-1 1
0 56
-1 1
0 125
1 1
0 1
-1 1
0 1517
-50 1
-7 1
1 1
0 5
-30 1
-6 1
-1 1
0 5
-21 1
-3 1
0 6
-12 1
-3 1
0 6
-4 1
-3 1
0 6
4 1
-3 1
0 6
8 1
0 7
7 1
2 1
0 6
4 1
3 1
0 6
-6 1
5 1
0 6
-12 1
0 7
-19 1
4 1
0 6
-16 1
-7 1
2 1
0 5
27 1
-23 1
-5 1
0 5
19 1
23 1
3 1
0 5
-5 1
3 1
0 6
-17 1
5 1
0 6
-27 1
2 1
0 6
-44 1
9 1
0 6
-55 1
0 1
1 1
0 5
-53 1
0 1
-4 1
0 5
-33 1
-35 1
7 1
4 1
-1 1
0 3
-25 1
21 1
-14 1
0 1
2 1
0 3
-57 1
0 1
2 1
0 5
-55 1
0 7
-33 1
-22 1
-4 1
0 5
-14 1
-5 1
3 1
0 5
-5 1
0 7
-6 1
0 1
-1 1
0 5
-9 1
0 7
-9 1
0 7
-10 1
0 7
-11 1
0 7
-11 1
0 7
-13 1
1 1
0 6
-17 1
0 7
2 1
-13 1
-1 1
0 5
-23 1
53 1
0 1
-13 1
0 1
3 1
0 1
-2 1
0 8
-1 1
0 9
1 1
0 5
2 1
0 7
2 1
0 7
2 1
1 1
0 15
-1 1
0 6
2 1
0 7
2 1
0 7
1 1
0 7
1 1
0 9
1 1
0 5
3 1
1 1
-1 1
0 6
-1 1
0 14
-1 1
0 41
-1 1
0 5
-2 1
2 1
1 1
-3 1
0 20
-3 1
-1 1
2 1
1 1
0 4
-1 1
1 1
0 38
1 1
0 23
1 1
0 8
1 1
0 6
-8 1
-2 1
1 1
0 53
-1 1
0 7
-1 1
0 16
1 1
0 111
1 2
0 101
1 1
0 8
1 2
0 1533
-49 1
-4 1
1 1
0 5
-32 1
-8 1
0 6
-22 1
-2 1
0 6
-15 1
-3 1
0 6
-7 1
-2 1
0 6
-2 1
-3 1
0 6
3 1
-1 1
-2 1
0 5
4 1
0 8
2 1
0 6
-10 1
6 1
-1 1
0 5
-18 1
0 1
1 1
0 5
-24 1
3 1
0 6
-19 1
-5 1
1 1
0 5
16 1
-26 1
0 6
22 1
28 1
-4 1
-2 1
1 1
0 3
-7 1
4 1
0 6
-18 1
4 1
0 6
-27 1
4 1
-1 1
0 5
-48 1
9 1
2 1
0 5
-56 1
-2 1
0 6
-52 1
1 1
-6 1
0 5
-38 1
-31 1
13 1
0 1
-1 1
0 3
-19 1
12 1
-6 1
6 1
0 4
-57 1
0 1
4 1
0 5
-55 1
0 1
3 1
0 5
-22 1
-8 1
-6 1
-1 1
0 4
-10 1
-7 1
-2 1
0 5
-5 1
1 1
0 6
-7 1
1 1
0 6
-8 1
0 7
-10 1
0 7
-11 1
0 7
-12 1
0 7
-12 1
0 7
-15 1
1 1
0 6
-7 1
-11 1
3 1
0 5
16 1
-2 2
0 5
-23 1
53 1
0 1
-12 1
0 1
3 1
0 1
-1 1
0 8
2 1
0 1
-1 1
0 13
1 1
0 7
1 1
0 7
2 1
-1 1
0 6
2 1
0 1
1 1
0 5
1 1
0 7
1 1
0 7
2 1
0 7
2 1
0 7
1 1
0 7
2 1
0 7
2 1
-1 1
0 6
-2 1
0 1
3 1
0 13
1 1
0 8
-1 1
0 6
2 1
0 23
3 1
-2 1
0 1
1 1
0 4
-1 1
2 1
-2 1
0 14
1 1
0 6
-3 2
-1 1
0 5
-1 1
0 1
1 1
0 61
1 1
0 7
-6 1
3 1
1 1
0 5
-1 1
-2 1
0 1838
-48 1
-1 1
2 1
0 5
-34 1
-8 1
0 6
-23 1
-2 1
0 6
-16 1
-1 2
0 5
-11 1
-2 1
0 6
-7 1
-1 1
0 6
-4 1
-1 1
0 6
-1 1
0 7
-4 1
3 1
0 6
-16 1
6 1
0 6
-24 1
-1 1
1 1
0 5
-24 1
2 1
0 6
-22 1
-5 1
0 6
7 1
-20 1
4 1
-2 1
1 1
0 3
31 1
25 1
-14 1
2 1
0 4
-10 1
2 1
0 6
-19 1
4 1
0 6
-32 1
7 1
-2 1
0 5
-55 1
6 1
2 1
0 5
-55 1
-2 1
0 6
-52 1
2 1
-3 1
0 5
-45 1
-22 1
13 1
-2 1
0 4
-12 1
8 1
1 1
3 1
0 4
-55 1
4 1
6 1
2 1
1 1
0 3
-49 1
-13 1
7 1
-2 1
0 4
-17 1
0 2
-1 1
0 4
-7 1
-1 1
-2 1
0 5
-6 1
1 1
0 6
-9 1
0 7
-9 1
0 7
-9 1
0 7
-11 1
0 7
-12 1
0 7
-14 1
0 7
-15 1
-1 1
2 1
0 5
10 1
-10 1
-3 1
-1 1
0 4
18 1
1 1
0 6
-23 1
53 1
0 1
-13 1
0 1
3 1
0 1
-1 1
0 8
1 1
0 23
1 1
0 7
1 1
0 7
1 1
0 7
1 1
0 7
1 1
0 7
2 1
0 7
2 2
0 6
-2 1
0 15
3 1
-1 1
0 6
-2 1
1 1
0 6
2 1
1 1
0 14
2 1
-1 1
0 6
1 2
0 16
-1 1
0 5
2 1
-3 1
0 6
-1 1
1 1
0 1
1 1
0 4
-2 1
-3 1
-1 1
0 5
-3 1
4 1
0 6
-1 1
0 8
-1 1
0 62
-1 1
3 1
-1 1
0 5
-6 1
-2 1
0 103
-1 1
0 1742
-44 1
0 1
3 1
1 1
0 4
-33 1
-7 1
-1 1
0 5
-23 1
-1 1
0 6
-18 1
-3 1
0 6
-13 1
-1 1
0 6
-9 1
0 7
-7 1
-1 1
0 6
-5 1
0 7
-8 1
3 1
0 6
-21 1
10 1
-3 1
0 5
-25 1
-6 1
-3 1
0 5
-24 1
-1 1
0 6
-24 1
0 1
2 1
0 5
-2 1
-20 1
2 1
-1 1
0 4
19 2
-13 1
0 5
-14 1
0 7
-22 1
4 1
0 6
-41 1
12 1
0 6
-58 1
0 1
1 1
0 5
-55 1
-2 1
0 6
-52 1
1 1
-1 1
0 5
-51 1
-10 1
10 1
-3 1
2 1
0 3
-9 1
6 1
-3 1
-1 1
0 4
-49 1
15 1
8 1
2 1
0 4
-37 1
-25 1
0 1
1 1
0 4
-12 1
-1 1
2 1
-1 1
0 4
-6 1
0 7
-8 1
0 7
-9 1
0 7
-9 1
0 7
-10 1
0 7
-11 1
0 7
-12 1
0 7
-15 1
2 1
0 6
-7 1
-14 1
2 1
0 5
18 1
-1 1
-2 1
0 5
18 1
0 7
-21 1
56 1
-1 1
-14 1
0 1
3 1
0 1
-2 2
0 80
-2 1
0 6
10 1
0 7
3 1
0 7
8 1
0 7
12 1
0 1
-3 1
1 1
0 20
4 1
-1 2
0 29
2 1
-3 1
1 1
0 7
2 1
1 1
0 4
-2 1
-1 1
0 1
1 1
0 4
-4 1
1 1
2 1
0 5
-1 1
1 1
0 38
1 1
0 31
-4 1
2 1
1 1
0 21
-2 1
-1 1
0 86
-1 1
1 1
0 6
-5 1
0 8
-3 1
0 6
-1 1
0 9
1 1
0 158
1 1
0 118
1 1
0 87
1 1
0 15
-1 1
0 1327
-40 1
3 1
6 1
0 5
-33 1
-5 1
0 6
-24 1
-1 1
0 6
-20 1
-1 1
0 6
-14 1
-2 1
0 6
-10 1
0 7
-8 1
-1 1
0 6
-6 1
0 7
-6 1
0 7
-12 1
3 1
-1 1
0 5
-25 1
2 1
-1 1
1 1
0 4
-29 1
-2 1
0 6
-28 1
-2 1
4 1
0 5
-3 1
-13 1
1 1
-1 1
0 4
1 1
11 1
0 6
-15 1
4 1
0 6
-26 1
4 1
-1 1
1 1
0 4
-54 1
8 1
3 1
0 5
-58 1
-1 1
0 6
-53 1
-4 1
0 6
-53 1
0 1
-1 1
0 5
-55 1
0 1
2 1
-1 1
0 4
-12 1
3 1
-14 1
-4 1
0 4
-42 1
21 1
9 1
0 5
-23 1
-17 1
-8 1
-1 1
0 4
-9 1
-4 1
2 1
0 5
-6 1
0 7
-8 1
1 1
0 6
-9 1
1 1
0 6
-10 1
0 7
-11 1
0 7
-12 1
0 7
-12 1
0 7
-16 1
2 1
1 1
0 5
4 1
-15 1
-3 1
0 5
19 1
0 7
23 1
-4 1
0 6
-16 1
61 1
0 1
-15 1
0 1
4 1
0 1
-2 1
0 1
-1 1
0 6
-1 1
0 23
1 1
0 7
1 1
0 23
-1 1
0 7
-4 1
2 1
0 6
-5 1
-1 2
0 5
-12 1
1 1
0 6
-13 1
0 1
-1 1
0 5
-19 1
-5 1
3 1
0 5
2 1
0 15
2 1
0 1
1 1
0 5
3 2
0 31
-1 1
1 1
0 5
1 1
2 2
0 5
-1 1
0 1
2 1
0 5
-4 2
0 6
-1 1
0 1
1 1
0 69
-3 1
0 15
-3 1
0 8
-1 1
0 86
1 1
0 7
-4 1
0 1
1 1
0 5
3 1
-2 1
0 6
6 1
4 1
0 79
-1 1
0 206
-3 1
0 8
-1 1
0 6
2 1
-1 1
0 303
-1 1
0 1110
-38 1
6 1
4 1
0 5
-31 1
-4 1
-1 1
0 5
-25 1
0 7
-21 1
-1 1
0 6
-16 1
-1 1
0 6
-14 1
0 7
-10 1
-1 1
0 6
-7 1
0 7
-6 1
0 7
-8 1
0 7
-10 1
1 1
0 6
-4 1
-13 1
5 1
-1 1
0 4
9 1
10 1
7 1
-3 1
0 4
22 1
2 1
-1 1
-2 1
0 4
-2 1
12 1
1 2
0 4
-18 1
4 1
-1 1
0 5
-34 1
13 1
-6 1
1 1
0 4
-59 1
0 1
2 1
0 5
-55 1
0 7
-52 1
-3 1
-2 1
2 1
0 4
-51 1
0 1
-1 1
0 5
-55 1
3 1
0 6
-19 1
-14 1
-23 1
0 5
-35 1
11 1
9 1
1 1
2 1
0 3
-15 1
-4 1
-5 1
-1 1
0 4
-7 1
-2 1
-1 1
0 5
-7 1
0 7
-9 1
0 7
-10 1
0 7
-10 1
0 7
-11 1
0 7
-12 1
0 7
-13 1
0 7
-15 1
-1 1
2 1
-1 1
0 4
10 1
-10 1
-2 1
0 5
20 1
-2 1
0 6
29 1
-3 1
0 6
-16 1
62 1
0 1
-15 1
0 1
4 1
0 1
-2 1
-1 1
0 15
-1 1
0 23
2 1
0 7
1 1
0 7
1 1
0 7
1 1
0 7
1 1
0 7
-1 1
1 1
0 6
-8 1
4 1
-1 1
0 5
-9 1
-4 1
1 1
0 5
-1 1
0 7
1 1
0 7
1 1
0 7
3 1
-3 1
0 1
1 1
0 4
-1 1
0 15
-1 1
0 23
1 1
5 1
0 1
-2 1
0 4
-5 1
4 1
-1 1
0 5
-1 1
-2 1
0 71
1 1
0 6
-1 2
0 6
-1 1
1 1
0 6
-1 1
0 111
-1 2
0 31
-1 1
0 48
1 1
0 221
-1 1
0 1423
-38 1
3 1
-4 1
0 1
1 1
0 3
-34 1
-6 1
-1 1
0 5
-24 1
-2 1
0 6
-21 1
-2 1
0 6
-16 1
-1 1
0 6
-15 1
0 7
-15 1
0 7
-13 1
0 7
-12 1
-1 1
1 1
0 5
-11 1
0 7
-8 1
-1 1
0 6
5 1
-14 1
5 1
-1 1
0 4
20 1
8 1
0 1
-1 1
0 4
18 1
4 1
-1 2
0 4
-7 1
17 1
3 1
0 5
-22 1
3 1
0 6
-50 1
13 1
5 1
0 5
-57 1
-1 1
1 1
0 5
-56 1
-1 1
1 1
0 5
-51 1
-2 2
0 5
-52 1
0 7
-56 1
2 1
0 6
-25 2
-16 1
4 1
-1 1
0 3
-27 1
-1 1
10 1
1 1
-2 1
-1 1
0 2
-13 1
-2 1
-1 1
0 5
-7 1
-1 1
0 6
-8 1
0 7
-10 1
1 1
0 6
-10 1
0 7
-10 1
0 7
-12 1
0 7
-12 1
0 7
-15 1
1 1
0 6
-15 1
-6 1
5 1
-1 1
0 4
14 1
-7 1
-2 1
0 5
26 1
-5 1
0 6
32 1
1 1
0 6
-16 1
62 1
0 1
-15 1
0 1
4 1
0 1
-2 1
0 2
1 1
0 5
1 1
0 39
1 1
0 7
3 1
0 7
3 1
0 7
1 1
0 15
5 1
-6 1
1 1
0 5
2 1
8 1
1 1
-1 1
0 4
10 1
0 1
-3 1
0 5
3 1
-1 1
0 1
1 1
0 4
2 1
0 1
1 1
0 5
6 1
3 1
-1 1
0 22
-1 1
0 23
2 1
-2 1
0 5
-2 1
1 1
0 79
1 1
0 6
-1 1
0 7
-3 1
0 111
-5 1
3 1
0 6
-5 1
-4 1
-1 1
1 1
0 4
-8 1
-1 1
1 1
0 5
-1 1
0 279
2 1
0 7
6 1
0 7
4 1
1 2
0 5
1 1
0 279
-1 1
0 7
-2 1
0 1119
-42 1
1 1
-1 1
2 1
1 1
0 3
-38 1
-8 1
0 6
-24 1
-3 1
0 6
-23 1
0 7
-19 1
-2 1
0 6
-15 1
-1 1
0 6
-18 1
6 1
-4 1
1 1
0 4
-32 1
0 1
1 1
0 5
-29 1
-1 1
0 6
-27 1
-1 1
0 6
-30 1
1 1
0 6
-31 1
0 7
-23 1
-3 1
0 1
1 1
0 4
-28 1
0 1
4 1
0 5
-28 1
0 1
4 1
0 5
-32 1
14 1
-5 1
0 5
-58 1
0 1
2 1
0 5
-57 1
0 7
-54 1
-2 1
0 6
-51 1
-1 1
-2 1
0 5
-52 1
2 1
0 6
-55 1
3 1
0 6
-30 1
-31 1
-3 1
5 1
0 4
-20 1
-5 1
1 1
-1 2
0 3
-11 1
0 1
-1 1
0 5
-6 1
0 7
-8 1
0 7
-10 1
0 7
-10 1
0 7
-11 1
0 7
-12 1
0 7
-13 1
0 7
-16 1
2 1
-1 1
0 5
-14 1
-10 1
6 1
0 5
19 1
-9 1
-1 1
0 5
34 1
-1 2
0 5
33 1
1 1
0 6
-15 1
63 1
0 1
-15 1
0 1
4 1
0 1
-2 1
2 1
1 1
-1 1
0 5
1 1
0 2
-1 1
0 4
1 2
0 6
1 1
0 16
1 1
0 7
-2 1
0 6
7 1
-1 1
0 6
13 1
0 7
12 1
1 1
0 6
11 1
0 7
9 1
1 1
0 6
7 1
0 7
8 1
0 8
4 1
0 6
5 1
-5 1
0 7
1 1
0 31
-1 1
0 14
2 1
0 1
-4 1
0 5
-4 1
0 1
1 1
0 5
-1 1
0 72
1 1
0 6
-3 1
0 7
-1 2
0 38
-1 1
0 31
1 1
0 7
5 1
1 1
-1 1
0 21
2 1
0 7
3 1
0 7
5 1
-1 1
0 6
8 1
0 7
6 1
3 1
0 8
1 1
0 237
-3 1
0 7
-2 1
0 31
-2 1
0 7
-2 1
0 7
1 1
0 271
1 1
0 7
1 1
0 7
1 1
0 1119
-47 1
0 2
1 1
0 4
-44 1
-5 1
1 1
0 5
-31 1
-5 1
0 6
-26 1
-1 1
0 6
-23 1
-2 1
0 6
-16 1
-3 1
0 6
-13 1
0 7
-20 1
4 1
0 6
-27 1
0 7
-26 1
-1 1
0 6
-15 1
-8 1
0 6
-4 1
0 1
-3 1
0 5
1 1
0 1
-3 1
1 1
0 4
-17 1
1 1
4 1
1 1
0 4
-21 1
5 1
0 6
-50 1
12 1
5 1
0 5
-58 1
-2 1
0 6
-57 1
-1 1
0 6
-54 1
0 7
-48 1
0 1
-1 1
-2 1
0 4
-50 1
4 1
1 1
0 5
-53 1
4 1
-2 2
0 4
-35 1
-31 1
8 1
2 1
-1 1
0 3
-11 1
-2 1
0 2
1 2
0 2
-9 1
-1 1
0 6
-6 1
0 7
-8 1
0 7
-8 1
0 7
-9 1
0 7
-11 1
0 7
-12 1
0 7
-12 1
0 7
-16 1
2 1
0 6
-10 1
-16 1
5 1
0 5
28 1
-9 1
-2 1
0 5
35 1
0 7
34 1
0 7
-14 1
65 1
0 1
-15 1
0 1
4 1
0 1
-2 1
1 1
0 7
2 1
0 7
2 1
0 7
1 1
0 7
2 1
0 7
1 1
0 8
1 1
0 6
-2 1
0 7
-3 1
0 7
-1 2
0 6
1 1
-1 1
0 6
2 1
-1 1
0 6
12 1
0 8
3 1
1 1
0 5
1 1
-3 1
1 1
0 5
7 1
6 1
0 30
-2 1
-1 1
0 1
1 1
0 12
-1 1
0 15
-1 3
0 78
1 1
0 6
-2 1
0 48
-1 1
0 31
1 1
0 7
-1 1
0 6
-1 1
1 1
0 14
-6 1
2 1
0 6
-11 1
-1 1
0 6
-10 1
-1 1
0 14
-1 1
0 9
-1 1
0 245
-1 1
0 15
-3 1
1 1
0 6
-6 1
0 7
-6 1
-2 1
0 278
-1 1
0 15
-1 1
0 7
-1 1
0 1119
-50 1
0 7
-49 1
-3 1
0 6
-39 1
-3 1
-1 1
0 5
-33 1
-3 1
0 6
-26 1
-3 1
0 6
-20 1
-1 1
0 6
-17 1
0 7
-17 1
1 1
0 6
-21 1
1 1
0 6
-25 1
0 7
-26 1
0 7
-23 1
0 1
-2 1
0 5
-18 1
-4 1
0 6
-17 1
2 1
0 6
-38 1
14 1
1 2
0 4
-58 1
0 7
-57 1
-1 2
0 5
-55 1
0 7
-54 1
0 1
1 1
0 5
-47 1
4 1
2 1
-1 2
0 3
-50 1
4 1
3 1
1 1
0 4
-50 1
3 1
-4 1
-2 1
0 4
-36 1
-30 1
12 1
0 5
-7 1
0 1
2 1
0 1
1 1
0 3
-9 1
-1 1
0 6
-7 1
0 7
-8 1
0 7
-8 1
0 7
-9 1
0 7
-11 1
0 7
-13 1
0 7
-14 1
0 7
-17 1
2 1
0 6
-8 1
-21 1
8 1
0 5
35 1
-5 1
-3 1
0 5
37 1
0 7
36 1
0 7
-12 1
67 1
0 1
-16 1
0 1
4 1
0 1
-2 1
1 1
0 7
1 1
0 7
3 1
0 7
3 1
0 15
1 1
0 7
1 1
0 8
1 1
0 14
-2 1
1 1
0 7
-2 1
0 6
3 1
0 7
-4 1
1 2
0 5
1 1
0 7
8 1
1 1
-2 1
0 38
-1 1
0 1
-1 1
0 29
-1 1
0 1
-1 1
0 68
1 1
0 8
1 1
0 6
-1 1
0 15
-1 1
0 63
1 1
0 23
1 1
-1 1
0 6
3 1
0 7
4 1
0 7
3 2
0 7
-1 1
0 7
-2 1
0 1
1 1
0 268
-1 1
0 7
-1 1
0 79
-1 1
0 1351
-53 1
-1 1
0 6
-52 1
-1 1
2 1
0 5
-47 1
-2 1
1 1
0 5
-37 1
-5 1
0 6
-27 1
-3 1
0 6
-22 1
-2 1
0 6
-19 1
0 7
-17 1
-1 1
0 6
-14 1
-1 1
0 6
-11 1
-1 1
1 1
0 5
-5 1
-2 1
-1 1
0 5
-5 1
2 1
1 1
0 5
-10 1
4 1
0 6
-24 1
11 1
-5 1
1 1
0 4
-54 1
1 1
0 1
2 1
0 4
-59 1
0 7
-56 1
-1 1
0 6
-54 1
0 7
-54 1
-2 1
1 1
0 5
-45 1
6 1
5 1
0 2
-1 1
0 2
-49 1
4 1
1 1
0 5
-50 1
1 1
-3 1
0 5
-37 1
-29 1
17 1
-1 2
0 3
-5 1
4 1
0 1
3 1
0 4
-8 1
-2 1
-1 1
0 5
-7 1
0 7
-8 1
0 7
-8 1
0 7
-8 1
0 7
-10 1
0 7
-13 1
1 1
0 6
-15 1
0 7
-19 1
3 1
0 6
-7 1
-26 1
10 1
0 5
38 1
-3 1
-2 1
0 5
38 1
0 7
37 1
0 7
-14 1
65 1
0 1
-15 1
0 1
4 1
0 1
-2 1
0 16
2 1
0 7
2 1
0 7
1 1
0 23
-1 1
0 7
-5 1
1 1
0 6
-5 1
-1 1
0 6
-6 1
0 7
-4 1
-1 1
0 7
-1 1
0 6
3 1
-6 1
2 1
0 5
2 1
1 3
0 29
1 1
0 8
-1 1
0 15
-1 1
0 93
-1 1
2 1
0 7
-1 1
0 14
2 1
0 95
-1 1
1 1
0 6
-1 2
0 94
-1 1
0 199
-1 1
0 1439
-55 1
-1 1
0 6
-53 1
0 7
-52 1
1 1
0 6
-50 1
-4 1
0 6
-39 1
-4 1
0 6
-26 1
-3 1
-1 1
0 5
-21 1
-1 1
0 6
-14 1
-3 1
0 6
-8 1
-2 1
0 6
-1 1
0 8
1 1
-1 1
0 7
-1 1
0 5
-11 1
7 1
2 1
0 5
-38 1
22 1
0 6
-55 1
1 1
-3 1
0 5
-58 1
0 7
-55 1
-2 1
0 6
-55 1
-1 1
0 6
-52 1
-4 1
3 1
-1 1
0 4
-43 1
6 1
7 1
0 5
-49 1
2 2
0 5
-49 1
0 1
1 1
-1 1
0 4
-37 1
-28 1
20 1
-2 1
0 4
-5 1
4 1
-1 1
3 1
0 4
-9 1
-2 1
0 6
-7 1
1 1
0 6
-10 1
0 7
-10 1
0 7
-10 1
-1 1
0 6
-11 1
1 1
0 6
-14 1
1 1
0 6
-17 1
0 7
-21 1
2 1
0 6
1 1
-33 1
4 1
1 1
0 4
40 1
0 1
-2 1
0 5
35 1
1 1
0 6
35 1
-1 1
0 6
-13 1
66 1
0 1
-16 1
0 1
4 1
0 1
-2 1
0 24
5 1
-1 1
0 6
6 1
0 7
3 1
0 7
1 1
0 7
1 1
0 7
2 1
0 8
2 1
0 6
-1 1
0 8
-1 1
0 6
1 1
0 7
5 1
2 1
-1 1
0 7
-1 1
0 29
-1 1
0 16
1 1
0 23
1 1
0 6
1 1
0 7
1 1
0 55
1 1
0 7
-3 1
0 1
2 1
0 13
1 1
0 95
-1 1
0 15
-1 1
0 9
-1 1
0 7
-1 1
0 77
-1 1
0 1639
-54 1
0 7
-54 1
0 7
-51 1
-2 1
0 6
-51 1
0 7
-44 1
-2 1
0 6
-37 1
-3 1
0 6
-30 1
-2 1
0 6
-23 1
-4 1
0 6
-14 1
-4 1
1 1
0 5
-7 1
-1 1
1 1
0 5
-2 1
0 1
-2 1
0 5
-6 1
1 1
-1 1
0 5
-14 1
2 1
0 6
-41 1
20 1
2 1
0 5
-57 1
0 7
-58 1
0 7
-56 1
-1 1
0 6
-56 1
0 7
-52 1
-5 1
2 1
-1 1
0 4
-42 1
6 1
3 1
0 5
-48 1
1 1
2 1
0 5
-48 1
0 1
1 1
-1 1
0 4
-35 1
-29 1
18 1
0 1
-1 1
0 3
-11 1
7 1
-4 1
0 5
-25 1
0 1
1 1
0 5
-21 1
-1 1
0 6
-17 1
-1 1
0 6
-13 1
0 7
-11 1
0 7
-13 1
0 7
-14 1
1 1
-1 1
0 5
-18 1
1 1
0 6
-22 1
2 1
0 6
14 1
-30 1
-7 1
-1 1
0 4
37 1
2 1
0 6
33 1
0 7
32 1
0 7
-16 1
62 1
0 1
-14 1
0 1
3 1
0 1
-2 1
0 17
1 1
-1 1
0 5
-5 1
0 7
-10 1
0 7
-11 1
0 7
-7 1
-2 1
0 6
-3 1
-1 1
0 6
-1 1
0 1
-1 1
0 6
-1 1
1 1
0 13
-4 1
0 7
-8 1
2 1
0 6
-6 1
-4 1
0 70
-2 1
0 1
1 1
0 5
4 1
-2 1
1 2
0 4
6 1
0 7
7 1
0 7
7 1
0 7
4 1
1 1
0 6
1 1
0 31
1 1
0 7
-6 1
-3 1
1 1
0 5
2 1
0 7
1 1
0 7
2 1
0 7
2 1
1 1
0 30
1 1
-1 1
0 6
5 1
0 7
7 1
0 7
9 1
0 7
4 1
0 7
3 1
0 7
1 1
0 15
3 1
-1 1
0 6
9 1
-1 1
0 6
6 1
3 1
0 110
-1 1
0 111
-1 1
0 15
1 1
-1 1
0 6
2 1
0 15
1 1
0 7
1 1
0 7
2 1
0 7
1 1
0 7
-3 1
0 7
-4 1
-1 1
0 286
-1 1
0 15
2 1
0 1111
-55 1
-1 1
0 6
-54 1
0 7
-53 1
-3 1
2 1
0 5
-40 1
-7 1
2 1
0 5
-26 1
-2 1
-1 1
0 5
-23 1
0 7
-20 1
0 7
-19 1
0 7
-13 1
-2 1
0 6
-11 1
0 7
-11 1
-1 1
0 6
-4 1
-5 1
1 1
0 5
12 1
-7 1
0 6
19 1
3 1
-1 1
0 5
-2 1
14 1
0 6
-37 1
13 1
0 1
1 1
0 4
-56 1
0 7
-57 1
0 1
1 1
0 5
-53 1
-4 1
0 6
-44 1
7 1
2 1
-2 1
-1 1
0 3
-49 1
2 1
1 1
0 5
-49 1
1 1
0 1
-1 1
0 4
-32 1
-30 1
9 1
4 1
-3 1
0 3
-19 1
11 1
-1 1
0 5
-27 1
1 1
-1 1
0 5
-30 1
0 1
1 1
0 5
-31 1
0 7
-30 1
0 7
-27 1
-1 1
0 6
-24 1
0 7
-21 1
0 7
-21 1
1 1
0 6
-24 1
0 1
2 1
0 5
24 1
-17 1
-8 1
-2 1
0 4
29 1
3 1
1 1
0 5
30 1
-1 1
0 6
28 1
1 1
0 6
-21 1
56 1
1 1
-12 1
0 1
3 1
0 1
-1 1
0 24
-2 1
0 8
-1 1
0 6
1 1
0 7
2 1
0 23
3 1
0 7
3 1
0 8
1 1
0 6
-2 1
0 7
-6 1
3 1
-1 1
0 5
-36 1
8 1
1 1
0 5
-31 1
-11 1
1 1
0 6
-1 1
0 24
1 1
0 21
-1 1
0 1
2 1
-1 1
0 5
1 1
-2 1
0 5
-5 1
0 7
-1 1
-2 1
0 6
1 1
0 7
4 1
0 7
8 1
0 7
7 1
0 7
6 1
0 7
2 1
0 16
-2 1
0 6
3 1
0 23
1 2
0 38
-1 1
0 71
-3 1
2 1
0 6
-11 1
-4 1
3 1
0 5
12 1
-1 1
-3 1
0 6
1 1
0 70
1 1
0 7
1 1
0 31
-1 1
0 7
-1 1
0 159
-2 1
1 1
0 7
-5 1
0 6
-2 1
4 1
1 1
0 285
-1 1
0 8
-1 1
0 7
-2 1
0 1094
-55 1
-1 1
0 6
-53 1
0 1
-1 1
0 5
-54 1
0 1
1 1
0 5
-39 1
-8 1
0 6
-28 1
-2 1
0 6
-25 1
0 7
-23 1
-1 1
1 1
0 5
-18 1
0 7
-16 1
0 7
-17 1
0 7
-11 1
-3 1
0 7
-7 1
0 6
15 1
-5 1
-1 1
0 5
21 1
0 1
1 1
0 5
24 1
0 1
1 1
0 5
24 1
0 7
8 1
17 1
-3 1
2 1
0 4
-46 1
17 1
6 1
0 5
-53 1
-4 1
0 6
-46 1
5 1
-2 1
-4 1
-1 1
0 3
-51 1
0 1
1 1
0 5
-50 1
1 2
0 5
-29 1
-28 1
-1 1
7 1
0 4
-16 1
2 1
3 1
0 5
-16 1
1 2
0 5
-20 1
4 1
1 1
0 5
-25 1
1 1
0 6
-29 1
2 1
0 6
-34 1
1 1
0 6
-38 1
0 1
1 1
0 5
-39 1
0 7
-32 1
-2 2
0 5
-36 1
0 1
4 1
-1 1
0 4
18 1
-17 1
-10 1
-2 1
0 4
26 1
-2 1
1 1
0 5
29 1
2 1
0 6
21 1
6 1
0 6
-29 1
46 1
4 1
-8 1
0 1
2 1
0 1
-1 1
0 24
1 1
0 1
1 1
0 5
1 1
0 16
-1 1
0 6
-1 1
1 1
0 15
1 1
0 6
-1 1
0 7
-2 1
0 8
-1 1
0 6
3 1
0 7
1 2
0 6
-2 1
0 7
-28 1
13 1
1 1
0 5
-19 1
-17 1
-1 1
0 5
1 1
0 33
1 1
0 1
-1 1
0 3
-2 1
2 1
0 6
-1 2
0 6
-3 1
0 7
-4 1
1 1
0 6
-5 1
0 7
-4 1
0 8
-2 1
0 6
4 1
0 7
-1 1
0 7
4 1
-2 1
-1 1
0 5
1 1
0 7
-1 1
1 1
0 7
-1 1
0 6
7 1
-4 1
0 6
7 1
6 1
0 1
-1 1
0 132
-10 1
0 1
5 1
-1 1
0 4
8 1
6 1
-1 1
0 93
2 1
0 7
1 1
0 7
1 1
0 7
2 1
0 7
1 1
0 24
1 1
0 6
-1 2
0 134
-3 2
2 1
0 5
-2 1
0 1
2 1
0 293
-1 2
0 102
1 1
0 983
-55 1
-2 1
-1 1
0 5
-50 1
-4 1
0 6
-53 1
2 2
0 5
-39 1
-9 1
0 6
-28 1
-2 1
0 6
-25 1
0 7
-21 1
-2 1
0 6
-16 1
-1 1
0 6
-17 1
0 7
-15 1
-2 1
0 6
-6 1
-3 1
0 7
-3 1
0 6
11 1
-3 1
0 6
16 1
-1 1
0 6
19 1
-1 1
1 1
0 5
25 1
-2 1
0 6
30 1
-1 1
0 6
26 1
9 1
-5 1
1 1
0 4
-33 1
28 1
3 1
0 1
1 1
0 3
-51 1
1 1
-2 2
0 4
-52 1
0 7
-51 1
2 1
0 1
1 1
0 4
-26 1
-27 1
-10 1
2 1
3 1
0 3
-13 1
-3 1
0 1
2 1
0 4
-11 1
1 1
0 6
-14 1
1 1
0 6
-17 1
1 1
0 6
-20 1
1 1
0 6
-24 1
1 1
0 6
-28 1
2 1
0 6
-34 1
0 1
2 1
-1 1
0 4
-25 1
0 1
-4 1
0 5
-32 1
-8 1
12 1
-2 1
0 4
25 1
-10 1
-6 1
-1 1
0 4
31 1
-1 1
0 6
26 1
6 1
0 6
-4 1
26 1
-3 1
0 5
-56 1
10 1
3 1
0 13
-1 1
0 7
-1 2
0 6
-1 1
1 1
0 7
1 1
0 6
1 1
0 1
-1 1
0 5
-3 1
0 23
-1 1
0 16
-1 1
0 6
3 1
0 7
2 1
0 7
1 1
0 7
1 2
0 14
-11 1
11 1
-5 1
1 1
0 4
-27 1
-20 1
2 2
0 4
2 1
1 1
0 22
-1 2
1 2
0 6
1 1
0 13
-1 1
0 7
-2 1
0 7
-2 1
0 7
-2 1
0 7
-3 1
0 7
-6 1
0 7
-1 1
0 7
-8 1
5 1
-1 1
0 5
-4 1
-3 1
-1 1
0 13
3 1
-1 1
0 6
12 1
-3 1
0 6
5 2
1 1
0 141
-5 1
6 1
-2 1
0 5
4 1
-2 1
-7 1
-1 1
0 141
-1 1
0 6
2 2
0 142
-2 1
2 1
0 7
2 1
1 1
-1 1
0 1372
-54 1
-3 1
0 1
1 1
0 4
-44 1
-9 1
0 1
1 1
0 4
-49 1
8 1
2 1
0 5
-40 1
-12 1
-1 1
0 5
-29 1
-1 1
3 1
0 5
-22 1
-2 1
0 6
-18 1
0 7
-16 1
-1 1
0 6
-16 1
0 7
-12 1
-2 1
0 6
-5 1
-3 1
0 6
-1 1
-2 1
0 6
5 1
-3 1
0 6
11 1
-1 1
0 6
14 1
-2 1
0 6
22 1
-3 1
0 6
28 1
-2 1
0 6
33 1
-1 1
0 6
31 1
9 1
-7 1
2 1
0 4
-39 1
25 1
10 1
2 1
0 4
-54 1
-2 1
0 6
-53 1
1 1
-2 1
0 5
-21 1
-17 1
-19 1
-4 1
1 2
0 2
-12 1
-2 1
0 1
1 1
0 4
-10 1
1 1
0 6
-13 1
0 7
-14 1
0 7
-16 1
1 1
0 6
-20 1
1 1
0 6
-23 1
0 7
-24 1
1 1
0 6
-21 1
0 1
-1 1
0 5
-9 1
-23 1
9 1
0 5
32 1
-1 1
-2 1
0 5
31 1
0 7
16 1
14 1
-2 1
0 5
-33 1
22 1
2 1
0 5
-58 1
6 1
-1 1
-2 1
0 12
-3 1
1 2
0 5
-2 1
-1 1
0 15
2 1
0 6
-1 1
-2 1
0 38
1 1
0 7
1 1
0 7
1 1
0 15
1 1
0 15
1 1
0 15
-9 1
10 1
-5 1
2 1
0 4
-18 1
-19 1
-5 1
0 1
1 1
0 19
-1 1
-3 1
0 1
1 2
0 35
-1 1
0 23
-1 1
0 7
-2 1
0 7
-7 1
3 1
1 1
0 5
-1 2
0 14
4 1
-2 1
0 6
9 1
4 1
-2 1
0 5
-2 1
-1 1
0 39
-2 1
0 6
-1 1
0 103
-4 1
5 1
-2 1
0 5
4 1
2 1
-3 1
-2 1
0 292
-2 1
1 1
0 8
1 1
0 1365
-54 1
-2 1
0 6
-38 1
-7 1
-2 1
0 5
-46 1
11 1
0 6
-41 1
-13 1
-3 1
0 5
-23 1
-4 1
-1 1
0 5
-20 1
-1 1
0 6
-18 1
-1 1
0 6
-15 1
0 7
-14 1
0 7
-12 1
-2 1
0 6
-8 1
-1 1
0 6
-3 1
-1 1
0 6
1 1
-2 1
0 6
8 1
-1 1
0 6
13 1
-1 1
0 6
20 1
-2 1
0 6
28 1
-3 1
0 6
33 1
-1 1
0 6
37 1
-1 1
0 6
18 1
33 1
-16 1
3 1
0 4
-55 1
0 1
1 2
0 4
-56 1
0 1
-1 1
0 5
-17 1
-5 1
-13 1
-6 1
-1 1
0 3
-12 1
-1 2
0 5
-12 1
0 7
-13 1
0 1
-1 1
0 5
-15 1
0 7
-16 1
1 1
0 6
-18 1
1 1
0 6
-22 1
2 1
0 6
-24 1
0 7
-10 1
-9 1
0 6
13 1
-16 1
1 1
0 5
34 1
1 1
0 6
28 1
3 1
-1 1
0 6
24 1
-4 1
1 1
0 4
-45 1
3 2
0 5
-54 1
12 1
0 1
-2 1
0 13
-3 1
0 14
-1 1
0 16
1 1
0 46
1 1
0 7
1 1
0 15
1 1
0 7
1 1
0 31
-19 1
17 1
-1 1
-3 1
1 1
0 3
-1 1
-2 1
-1 1
0 13
-2 2
-1 2
0 5
-1 1
0 30
1 1
0 31
-10 1
3 1
0 6
-11 1
-6 1
1 1
0 13
2 1
-1 1
0 6
8 1
-1 1
0 7
3 1
1 1
0 38
1 1
0 126
-1 1
0 1
4 1
-2 1
0 5
1 1
0 86
1 2
0 31
-1 1
0 1542
-52 1
-5 1
1 1
0 5
-36 1
-3 1
0 6
-43 1
12 1
-2 1
0 5
-40 1
-10 1
-3 1
-1 1
0 4
-21 1
-1 1
-2 1
0 5
-19 1
-1 1
0 6
-17 1
0 7
-17 1
0 7
-15 1
0 7
-12 1
-1 1
0 6
-9 1
-2 1
0 6
-6 1
-1 1
0 6
-1 1
-3 1
0 6
4 1
-2 1
0 6
11 1
-3 1
0 6
19 1
-3 1
1 1
0 5
28 1
-3 1
0 6
34 1
-1 1
0 6
38 1
0 7
38 1
0 7
-29 1
41 1
19 1
2 1
0 4
-56 1
-2 1
2 1
-2 1
0 4
-13 1
-1 1
-4 1
-1 1
0 4
-11 1
0 7
-11 1
0 7
-13 1
1 1
0 6
-15 1
0 7
-17 1
1 1
0 6
-20 1
0 7
-23 1
1 1
0 6
-10 1
-19 1
4 1
0 5
22 1
-3 1
-2 1
0 5
28 1
-6 1
0 6
34 1
1 1
0 6
20 1
11 1
-2 1
1 1
0 4
-26 1
22 1
4 1
0 5
-44 1
0 7
-52 1
14 1
0 1
-4 1
0 4
-1 1
0 7
-2 1
3 1
-1 1
0 5
-2 1
-1 1
0 6
-1 1
0 79
1 1
0 7
1 1
0 47
-16 1
-12 1
1 1
4 1
2 1
0 3
-1 1
1 1
-1 1
0 7
-2 1
0 61
-11 1
7 1
0 1
-1 1
0 4
-10 1
-5 1
0 22
5 1
-2 1
0 6
9 1
4 1
-1 1
0 6
-1 1
0 6
-1 2
0 14
1 1
0 1
-1 1
0 6
-1 1
0 143
-2 1
-3 1
-1 1
0 5
-1 1
0 79
-1 1
0 63
-1 1
0 150
-1 1
0 79
-1 1
0 1279
-41 1
-12 1
1 1
0 5
-26 1
0 7
-41 1
14 1
0 6
-36 1
-9 1
-1 2
0 4
-21 1
-1 1
0 6
-17 1
-1 1
0 6
-15 1
0 7
-17 1
0 7
-16 1
0 7
-13 1
0 7
-11 1
-2 1
0 6
-6 1
-2 1
0 6
-3 1
0 7
1 1
-3 1
1 1
0 5
9 1
-3 1
0 6
18 1
-3 1
0 6
26 1
-3 1
0 6
33 1
-1 1
0 6
36 1
0 7
38 1
0 7
5 1
50 1
-20 1
0 1
1 1
0 3
-53 1
-12 1
11 1
-5 1
1 1
0 3
-13 1
-4 1
-1 1
0 5
-10 1
1 2
0 5
-12 1
0 1
-1 1
0 5
-14 1
1 1
0 6
-15 1
0 7
-18 1
1 1
0 6
-21 1
1 1
0 6
-24 1
0 7
11 1
-29 1
-6 1
0 5
33 1
5 1
0 6
32 1
-4 1
0 6
32 1
4 1
0 6
1 1
20 1
-1 1
1 1
0 4
-36 1
4 1
2 1
0 5
-42 1
0 7
-50 1
16 1
-1 1
-5 1
0 1
1 1
0 2
-4 1
1 1
0 6
-1 2
0 14
-1 1
0 16
1 1
0 6
-1 1
0 55
1 1
0 55
-11 1
7 1
6 1
-5 1
0 4
-1 1
2 1
-1 1
0 14
-1 1
0 54
-4 1
-1 1
1 2
0 4
2 1
0 1
-1 1
0 13
1 1
0 7
8 1
-1 2
0 6
1 1
0 6
-2 1
0 15
-1 1
1 1
0 159
-1 1
2 1
0 85
-1 1
0 32
1 1
0 6
1 1
0 1535
-34 1
-9 1
-1 1
0 5
-26 1
0 7
-43 1
12 1
5 1
0 5
-32 1
-10 1
0 6
-20 1
-1 1
0 6
-17 1
-1 1
0 6
-15 1
0 7
-17 1
1 1
0 6
-18 1
-1 1
0 6
-15 1
-1 1
0 6
-13 1
-2 1
0 6
-9 1
-1 1
0 6
-4 1
-1 1
0 7
-3 1
0 6
5 1
-3 1
0 6
15 1
-3 1
0 6
25 1
-3 1
0 6
32 1
-2 1
0 6
35 1
0 7
37 1
0 7
30 1
13 1
-11 1
5 1
-2 1
0 3
-46 1
-12 1
20 1
1 3
0 2
-13 1
-2 1
-1 1
0 5
-10 1
2 1
-2 1
0 5
-14 1
0 7
-15 1
0 7
-16 1
0 7
-17 1
2 1
0 6
-22 1
1 1
0 6
-21 1
-1 1
1 1
0 5
18 1
-21 1
-7 1
-1 1
0 4
26 1
5 1
1 1
0 5
33 1
-4 1
-2 1
0 5
22 1
12 1
-2 1
0 5
-19 1
14 1
4 1
1 1
0 4
-34 1
4 1
0 6
-40 1
0 1
1 1
0 5
-50 1
17 1
0 1
-4 1
0 1
1 1
0 2
-2 1
-1 1
1 1
0 13
1 2
-1 1
0 5
-2 1
0 23
1 1
0 39
1 1
0 31
1 1
0 15
1 1
0 23
-6 1
8 1
-5 1
2 1
0 4
-5 1
-4 1
-3 2
0 13
1 1
0 46
-1 1
0 8
-1 1
0 6
1 1
0 15
4 1
-2 1
0 6
7 1
2 1
0 6
-1 1
1 1
0 14
1 1
0 167
-1 1
1 1
0 6
1 2
0 70
-1 1
0 1583
-32 1
-4 1
-1 1
0 5
-27 1
0 1
-1 1
0 5
-46 1
0 1
8 1
0 5
-26 1
-8 1
-1 1
0 5
-17 1
-2 1
0 6
-15 1
0 7
-15 1
0 7
-16 1
0 7
-18 1
0 7
-17 1
0 7
-13 1
-1 1
0 6
-10 1
0 7
-5 1
0 7
-2 1
-1 1
0 6
2 1
-3 1
0 6
12 1
-4 1
0 6
22 1
-3 1
0 6
29 1
-2 1
0 6
34 1
-1 1
0 6
37 1
0 7
36 1
0 7
-21 1
20 1
34 1
5 1
-1 1
0 3
-13 1
0 2
-1 1
0 4
-12 1
0 7
-13 1
0 7
-14 1
0 7
-15 1
0 7
-16 1
1 1
0 6
-20 1
0 7
-18 1
-1 1
0 7
-13 1
0 6
15 1
-4 1
2 1
0 5
33 1
0 1
-4 1
0 5
11 1
19 1
-3 1
1 1
0 4
-31 1
6 1
2 1
1 1
0 4
-39 1
2 1
0 6
-42 1
-2 1
2 1
0 5
-52 1
15 1
1 1
-2 1
0 12
1 1
-1 1
0 7
4 1
0 6
-2 1
0 7
-2 1
0 7
-1 1
0 16
1 1
0 46
1 1
0 15
1 1
0 7
2 1
0 39
-12 1
-8 1
1 1
3 1
2 1
0 3
3 1
-2 1
-1 1
0 5
2 1
1 1
0 22
-1 1
0 16
1 1
0 6
-1 1
0 7
13 1
-5 1
-1 1
0 5
8 1
5 1
-1 1
0 6
-1 1
0 6
4 1
-1 1
0 6
3 1
0 7
3 1
0 9
1 1
0 5
1 2
0 175
-1 3
0 4
-1 1
0 7
-1 1
0 56
1 1
0 86
-1 1
0 1495
-29 1
-2 1
0 6
-35 1
9 1
-3 1
0 5
-43 1
-13 1
2 1
0 5
-20 1
-2 1
0 6
-16 1
-1 1
0 6
-14 1
0 7
-14 1
0 7
-15 1
0 7
-17 1
1 2
0 5
-17 1
0 7
-13 1
-1 1
0 6
-11 1
0 7
-7 1
-1 1
0 6
-4 1
-1 1
0 7
-2 1
0 6
8 1
-3 1
0 6
18 1
-4 1
0 6
27 1
-3 1
0 6
34 1
-2 1
0 6
37 1
0 7
36 1
0 7
9 1
34 1
-1 1
-4 1
0 4
-34 1
7 1
3 1
0 5
-33 1
0 1
1 1
0 5
-26 1
-3 1
0 6
-19 1
-2 1
0 6
-16 1
0 7
-15 1
0 7
-15 1
-1 1
1 1
0 5
-12 1
0 7
-15 1
2 1
0 6
5 1
-23 1
3 1
0 5
31 1
5 1
-3 1
0 5
-3 1
22 1
0 6
-37 1
5 1
1 1
0 5
-44 1
0 1
1 1
0 5
-43 1
2 1
-1 1
0 5
-56 1
10 1
0 1
-2 1
0 5
-1 1
0 6
3 1
-2 1
0 6
-2 1
2 1
1 1
0 5
-2 1
-1 1
0 38
-1 1
0 48
-1 1
0 6
2 1
0 7
1 1
0 7
1 1
0 31
-8 1
0 1
9 1
-2 1
-1 1
0 3
12 1
1 1
0 6
11 1
0 7
10 1
0 7
7 1
0 7
4 1
0 8
1 1
0 6
-3 1
0 7
-2 1
-1 1
0 14
-4 1
1 2
0 5
1 1
-1 1
0 6
7 1
0 1
-1 1
0 5
3 1
0 8
2 1
0 6
1 1
-2 1
0 182
-1 1
0 1
1 2
0 5
-1 1
0 30
-2 1
0 15
1 1
0 271
1 1
0 1327
-47 1
-1 1
0 6
-54 1
5 1
1 1
0 5
-49 1
-8 1
0 6
-41 1
0 7
-40 1
-1 1
0 6
-38 1
0 7
-39 1
0 7
-39 1
0 7
-40 1
0 7
-40 1
0 7
-39 1
0 7
-38 1
0 7
-36 1
-1 1
0 6
-34 1
0 7
-32 1
-1 1
0 6
-29 1
-1 1
0 6
-24 1
-2 1
0 6
-19 1
-2 1
0 6
-15 1
-1 1
0 6
-13 1
0 7
-13 1
0 7
-21 1
14 1
-11 1
3 1
0 4
-56 1
1 1
0 6
-57 1
0 7
-55 1
-1 1
0 6
-51 1
-1 1
0 6
-49 1
-1 1
0 6
-45 1
-1 1
0 6
-39 1
-3 1
0 6
-36 1
2 1
0 6
-41 1
0 7
-23 1
-11 1
-2 1
0 5
-19 1
6 1
-1 1
0 5
-41 1
9 1
1 1
0 5
-54 1
1 1
0 6
-55 1
-1 1
0 6
-56 1
1 1
0 6
-58 1
6 1
-1 1
-2 1
0 4
20 1
-1 1
0 6
11 1
5 1
0 6
16 1
-6 1
0 6
26 1
0 7
28 1
-1 1
0 6
30 1
0 7
29 1
0 7
29 1
0 7
28 1
0 7
28 1
0 7
29 1
0 7
30 1
0 7
33 1
0 7
35 1
0 7
38 1
-1 1
0 6
41 1
-1 1
0 6
48 1
-1 1
0 6
54 1
-1 1
0 6
58 1
0 7
60 1
0 7
60 1
0 7
50 1
12 1
-7 1
2 1
0 4
9 1
1 1
0 6
8 1
0 7
10 1
-1 1
0 6
16 1
-1 1
0 6
19 1
-1 1
0 6
23 1
-1 1
0 6
30 1
-2 1
0 6
32 1
2 1
0 6
26 1
0 7
49 1
-9 1
-1 1
0 5
54 1
4 1
0 6
27 1
8 1
0 6
11 1
1 1
0 6
10 1
-1 1
0 6
9 1
1 1
0 6
5 2
0 1
-1 1
0 12
1 1
0 159
-1 1
1 1
0 22
1 1
0 7
2 1
0 7
3 1
0 7
2 1
0 7
1 1
0 15
-1 1
0 15
1 1
0 7
1 1
0 7
1 1
0 31
-5 1
0 7
-2 1
0 7
-5 1
1 1
0 6
-8 1
0 7
-8 1
0 7
-9 1
0 7
-8 1
0 7
-9 1
0 7
-8 1
0 7
-8 1
0 7
-9 1
0 7
-8 1
0 7
-10 1
0 7
-10 1
0 7
-11 1
0 7
-12 1
0 7
-14 1
0 7
-16 1
0 7
-17 1
0 7
-18 1
0 7
-18 1
0 7
-16 1
-1 1
1 1
-1 1
0 4
-2 1
0 7
-2 1
0 7
-1 1
0 7
-2 1
0 7
-2 1
0 7
-5 1
0 7
-8 1
1 1
0 6
-10 1
0 7
-8 1
0 7
-15 1
2 1
0 6
-15 1
-1 1
0 6
-6 1
-1 1
0 6
-2 1
0 7
-3 1
0 7
-2 1
0 7
-2 1
-1 1
0 310
2 1
0 7
1 1
0 7
1 1
0 7
3 1
0 7
3 1
0 7
3 1
0 7
3 1
0 7
3 1
0 7
3 1
0 7
3 1
0 7
3 1
0 7
3 1
0 7
3 1
0 7
4 1
0 7
4 1
0 7
4 1
0 7
5 1
0 7
6 1
0 7
6 1
0 7
7 1
0 7
7 1
0 7
6 1
0 7
1 1
0 7
1 1
0 15
1 1
0 7
1 1
0 7
1 1
0 7
3 1
0 7
3 1
0 7
3 1
0 7
5 1
0 7
5 1
0 7
2 1
0 15
1 1
0 7
1 1
0 359
-1 1
0 15
-1 1
0 31
-1 1
0 7
-1 1
0 7
-1 1
0 7
-1 1
0 7
-1 1
0 7
-1 1
0 7
-1 1
0 7
-1 1
0 7
-2 1
0 7
-2 1
0 7
-1 1
0 63
-1 1
0 7
-1 1
0 7
-1 1
0 7
-1 1
0 47
